x 0 
0.000000 2.000000 
0.010000 8.000000 
0.020000 6.000000 
0.030000 2.000000 
0.040000 13.000000 
0.050000 9.000000 
0.060000 17.000000 
0.070000 18.000000 
0.080000 20.000000 
0.090000 21.000000 
0.100000 14.000000 
0.110000 19.000000 
0.120000 21.000000 
0.130000 30.000000 
0.140000 24.000000 
0.150000 28.000000 
0.160000 36.000000 
0.170000 28.000000 
0.180000 35.000000 
0.190000 32.000000 
0.200000 34.000000 
0.210000 43.000000 
0.220000 45.000000 
0.230000 60.000000 
0.240000 60.000000 
0.250000 56.000000 
0.260000 44.000000 
0.270000 70.000000 
0.280000 75.000000 
0.290000 59.000000 
0.300000 60.000000 
0.310000 57.000000 
0.320000 72.000000 
0.330000 69.000000 
0.340000 71.000000 
0.350000 69.000000 
0.360000 74.000000 
0.370000 76.000000 
0.380000 78.000000 
0.390000 83.000000 
0.400000 89.000000 
0.410000 91.000000 
0.420000 86.000000 
0.430000 97.000000 
0.440000 78.000000 
0.450000 88.000000 
0.460000 91.000000 
0.470000 101.000000 
0.480000 97.000000 
0.490000 94.000000 
0.500000 93.000000 
0.510000 105.000000 
0.520000 130.000000 
0.530000 116.000000 
0.540000 95.000000 
0.550000 108.000000 
0.560000 126.000000 
0.570000 112.000000 
0.580000 114.000000 
0.590000 147.000000 
0.600000 122.000000 
0.610000 119.000000 
0.620000 137.000000 
0.630000 133.000000 
0.640000 135.000000 
0.650000 134.000000 
0.660000 141.000000 
0.670000 146.000000 
0.680000 141.000000 
0.690000 136.000000 
0.700000 138.000000 
0.710000 148.000000 
0.720000 160.000000 
0.730000 164.000000 
0.740000 146.000000 
0.750000 145.000000 
0.760000 163.000000 
0.770000 153.000000 
0.780000 190.000000 
0.790000 164.000000 
0.800000 170.000000 
0.810000 151.000000 
0.820000 161.000000 
0.830000 182.000000 
0.840000 181.000000 
0.850000 172.000000 
0.860000 163.000000 
0.870000 168.000000 
0.880000 190.000000 
0.890000 181.000000 
0.900000 194.000000 
0.910000 229.000000 
0.920000 164.000000 
0.930000 199.000000 
0.940000 186.000000 
0.950000 222.000000 
0.960000 206.000000 
0.970000 198.000000 
0.980000 173.000000 
0.990000 192.000000 
1.000000 203.000000 
1.010000 191.000000 
1.020000 224.000000 
1.030000 199.000000 
1.040000 226.000000 
1.050000 231.000000 
1.060000 227.000000 
1.070000 214.000000 
1.080000 234.000000 
1.090000 245.000000 
1.100000 261.000000 
1.110000 226.000000 
1.120000 231.000000 
1.130000 257.000000 
1.140000 251.000000 
1.150000 234.000000 
1.160000 233.000000 
1.170000 242.000000 
1.180000 276.000000 
1.190000 251.000000 
1.200000 265.000000 
1.210000 246.000000 
1.220000 278.000000 
1.230000 252.000000 
1.240000 269.000000 
1.250000 276.000000 
1.260000 280.000000 
1.270000 249.000000 
1.280000 274.000000 
1.290000 273.000000 
1.300000 278.000000 
1.310000 279.000000 
1.320000 262.000000 
1.330000 299.000000 
1.340000 288.000000 
1.350000 261.000000 
1.360000 268.000000 
1.370000 270.000000 
1.380000 287.000000 
1.390000 314.000000 
1.400000 304.000000 
1.410000 292.000000 
1.420000 272.000000 
1.430000 302.000000 
1.440000 296.000000 
1.450000 308.000000 
1.460000 307.000000 
1.470000 325.000000 
1.480000 289.000000 
1.490000 322.000000 
1.500000 289.000000 
1.510000 323.000000 
1.520000 329.000000 
1.530000 342.000000 
1.540000 280.000000 
1.550000 332.000000 
1.560000 336.000000 
1.570000 342.000000 
1.580000 341.000000 
1.590000 297.000000 
1.600000 326.000000 
1.610000 330.000000 
1.620000 328.000000 
1.630000 343.000000 
1.640000 343.000000 
1.650000 361.000000 
1.660000 360.000000 
1.670000 352.000000 
1.680000 369.000000 
1.690000 362.000000 
1.700000 338.000000 
1.710000 394.000000 
1.720000 378.000000 
1.730000 385.000000 
1.740000 349.000000 
1.750000 356.000000 
1.760000 356.000000 
1.770000 370.000000 
1.780000 385.000000 
1.790000 412.000000 
1.800000 391.000000 
1.810000 421.000000 
1.820000 396.000000 
1.830000 363.000000 
1.840000 391.000000 
1.850000 393.000000 
1.860000 419.000000 
1.870000 378.000000 
1.880000 376.000000 
1.890000 388.000000 
1.900000 426.000000 
1.910000 390.000000 
1.920000 424.000000 
1.930000 442.000000 
1.940000 454.000000 
1.950000 435.000000 
1.960000 420.000000 
1.970000 398.000000 
1.980000 410.000000 
1.990000 487.000000 
2.000000 431.000000 
2.010000 471.000000 
2.020000 482.000000 
2.030000 455.000000 
2.040000 454.000000 
2.050000 447.000000 
2.060000 440.000000 
2.070000 469.000000 
2.080000 505.000000 
2.090000 464.000000 
2.100000 464.000000 
2.110000 479.000000 
2.120000 504.000000 
2.130000 467.000000 
2.140000 488.000000 
2.150000 497.000000 
2.160000 492.000000 
2.170000 463.000000 
2.180000 466.000000 
2.190000 468.000000 
2.200000 505.000000 
2.210000 477.000000 
2.220000 504.000000 
2.230000 497.000000 
2.240000 482.000000 
2.250000 488.000000 
2.260000 515.000000 
2.270000 546.000000 
2.280000 560.000000 
2.290000 558.000000 
2.300000 511.000000 
2.310000 520.000000 
2.320000 474.000000 
2.330000 132.000000 
2.340000 153.000000 
2.350000 163.000000 
2.360000 151.000000 
2.370000 167.000000 
2.380000 128.000000 
2.390000 173.000000 
2.400000 147.000000 
2.410000 152.000000 
2.420000 141.000000 
2.430000 127.000000 
2.440000 167.000000 
2.450000 141.000000 
2.460000 130.000000 
2.470000 169.000000 
2.480000 152.000000 
2.490000 162.000000 
2.500000 141.000000 
2.510000 157.000000 
2.520000 150.000000 
2.530000 156.000000 
2.540000 139.000000 
2.550000 153.000000 
2.560000 160.000000 
2.570000 156.000000 
2.580000 167.000000 
2.590000 152.000000 
2.600000 148.000000 
2.610000 161.000000 
2.620000 141.000000 
2.630000 162.000000 
2.640000 160.000000 
2.650000 150.000000 
2.660000 170.000000 
2.670000 175.000000 
2.680000 158.000000 
2.690000 180.000000 
2.700000 180.000000 
2.710000 172.000000 
2.720000 173.000000 
2.730000 149.000000 
2.740000 166.000000 
2.750000 178.000000 
2.760000 160.000000 
2.770000 177.000000 
2.780000 172.000000 
2.790000 147.000000 
2.800000 167.000000 
2.810000 180.000000 
2.820000 159.000000 
2.830000 175.000000 
2.840000 174.000000 
2.850000 178.000000 
2.860000 183.000000 
2.870000 170.000000 
2.880000 190.000000 
2.890000 156.000000 
2.900000 184.000000 
2.910000 198.000000 
2.920000 149.000000 
2.930000 170.000000 
2.940000 159.000000 
2.950000 165.000000 
2.960000 176.000000 
2.970000 168.000000 
2.980000 171.000000 
2.990000 165.000000 
3.000000 193.000000 
3.010000 197.000000 
3.020000 162.000000 
3.030000 163.000000 
3.040000 193.000000 
3.050000 172.000000 
3.060000 200.000000 
3.070000 170.000000 
3.080000 181.000000 
3.090000 172.000000 
3.100000 172.000000 
3.110000 211.000000 
3.120000 189.000000 
3.130000 207.000000 
3.140000 165.000000 
3.150000 187.000000 
3.160000 192.000000 
3.170000 200.000000 
3.180000 201.000000 
3.190000 186.000000 
3.200000 194.000000 
3.210000 210.000000 
3.220000 198.000000 
3.230000 204.000000 
3.240000 213.000000 
3.250000 192.000000 
3.260000 203.000000 
3.270000 199.000000 
3.280000 195.000000 
3.290000 222.000000 
3.300000 203.000000 
3.310000 195.000000 
3.320000 205.000000 
3.330000 219.000000 
3.340000 194.000000 
3.350000 216.000000 
3.360000 195.000000 
3.370000 195.000000 
3.380000 211.000000 
3.390000 215.000000 
3.400000 194.000000 
3.410000 185.000000 
3.420000 205.000000 
3.430000 199.000000 
3.440000 211.000000 
3.450000 197.000000 
3.460000 184.000000 
3.470000 219.000000 
3.480000 204.000000 
3.490000 213.000000 
3.500000 227.000000 
3.510000 202.000000 
3.520000 215.000000 
3.530000 181.000000 
3.540000 204.000000 
3.550000 209.000000 
3.560000 191.000000 
3.570000 219.000000 
3.580000 211.000000 
3.590000 198.000000 
3.600000 207.000000 
3.610000 203.000000 
3.620000 191.000000 
3.630000 193.000000 
3.640000 202.000000 
3.650000 214.000000 
3.660000 195.000000 
3.670000 202.000000 
3.680000 201.000000 
3.690000 212.000000 
3.700000 213.000000 
3.710000 223.000000 
3.720000 201.000000 
3.730000 214.000000 
3.740000 203.000000 
3.750000 228.000000 
3.760000 217.000000 
3.770000 220.000000 
3.780000 200.000000 
3.790000 216.000000 
3.800000 187.000000 
3.810000 198.000000 
3.820000 204.000000 
3.830000 192.000000 
3.840000 188.000000 
3.850000 192.000000 
3.860000 224.000000 
3.870000 198.000000 
3.880000 210.000000 
3.890000 218.000000 
3.900000 202.000000 
3.910000 191.000000 
3.920000 212.000000 
3.930000 200.000000 
3.940000 201.000000 
3.950000 218.000000 
3.960000 213.000000 
3.970000 205.000000 
3.980000 232.000000 
3.990000 224.000000 
4.000000 196.000000 
4.010000 228.000000 
4.020000 200.000000 
4.030000 217.000000 
4.040000 216.000000 
4.050000 227.000000 
4.060000 228.000000 
4.070000 213.000000 
4.080000 198.000000 
4.090000 212.000000 
4.100000 189.000000 
4.110000 242.000000 
4.120000 205.000000 
4.130000 225.000000 
4.140000 207.000000 
4.150000 219.000000 
4.160000 194.000000 
4.170000 237.000000 
4.180000 226.000000 
4.190000 221.000000 
4.200000 210.000000 
4.210000 201.000000 
4.220000 208.000000 
4.230000 217.000000 
4.240000 227.000000 
4.250000 203.000000 
4.260000 201.000000 
4.270000 221.000000 
4.280000 199.000000 
4.290000 244.000000 
4.300000 225.000000 
4.310000 226.000000 
4.320000 236.000000 
4.330000 254.000000 
4.340000 224.000000 
4.350000 202.000000 
4.360000 221.000000 
4.370000 205.000000 
4.380000 213.000000 
4.390000 243.000000 
4.400000 220.000000 
4.410000 204.000000 
4.420000 221.000000 
4.430000 228.000000 
4.440000 209.000000 
4.450000 222.000000 
4.460000 214.000000 
4.470000 200.000000 
4.480000 230.000000 
4.490000 214.000000 
4.500000 239.000000 
4.510000 205.000000 
4.520000 221.000000 
4.530000 235.000000 
4.540000 249.000000 
4.550000 207.000000 
4.560000 222.000000 
4.570000 225.000000 
4.580000 226.000000 
4.590000 209.000000 
4.600000 219.000000 
4.610000 184.000000 
4.620000 192.000000 
4.630000 213.000000 
4.640000 184.000000 
4.650000 199.000000 
4.660000 187.000000 
4.670000 211.000000 
4.680000 216.000000 
4.690000 205.000000 
4.700000 197.000000 
4.710000 233.000000 
4.720000 216.000000 
4.730000 219.000000 
4.740000 208.000000 
4.750000 174.000000 
4.760000 222.000000 
4.770000 216.000000 
4.780000 201.000000 
4.790000 202.000000 
4.800000 207.000000 
4.810000 200.000000 
4.820000 206.000000 
4.830000 222.000000 
4.840000 195.000000 
4.850000 202.000000 
4.860000 200.000000 
4.870000 204.000000 
4.880000 196.000000 
4.890000 157.000000 
4.900000 186.000000 
4.910000 205.000000 
4.920000 169.000000 
4.930000 182.000000 
4.940000 175.000000 
4.950000 198.000000 
4.960000 192.000000 
4.970000 169.000000 
4.980000 172.000000 
4.990000 184.000000 
5.000000 178.000000 
5.010000 178.000000 
5.020000 192.000000 
5.030000 167.000000 
5.040000 139.000000 
5.050000 165.000000 
5.060000 175.000000 
5.070000 152.000000 
5.080000 151.000000 
5.090000 136.000000 
5.100000 160.000000 
5.110000 143.000000 
5.120000 155.000000 
5.130000 139.000000 
5.140000 111.000000 
5.150000 129.000000 
5.160000 130.000000 
5.170000 136.000000 
5.180000 99.000000 
5.190000 126.000000 
5.200000 108.000000 
5.210000 122.000000 
5.220000 104.000000 
5.230000 111.000000 
5.240000 91.000000 
5.250000 85.000000 
5.260000 96.000000 
5.270000 82.000000 
5.280000 68.000000 
5.290000 59.000000 
5.300000 44.000000 
5.310000 36.000000 
5.320000 23.000000 
