x 0 
0 28 
1 30 
2 30 
3 29 
4 30 
5 30 
6 30 
7 30 
8 29 
9 29 
10 28 
11 29 
12 30 
13 30 
14 30 
15 30 
16 29 
17 30 
18 29 
19 30 
20 30 
21 30 
22 30 
23 30 
24 30 
25 30 
26 29 
27 30 
28 30 
29 30 
30 30 
31 29 
32 30 
33 30 
34 30 
35 28 
36 28 
37 29 
38 30 
39 30 
40 30 
41 29 
42 29 
43 29 
44 30 
45 30 
46 29 
47 29 
48 28 
49 30 
50 30 
51 29 
52 29 
53 30 
54 30 
55 29 
56 30 
57 29 
58 30 
59 30 
60 29 
61 30 
62 29 
63 30 
64 30 
65 30 
66 29 
67 29 
68 30 
69 30 
70 30 
71 30 
72 30 
73 30 
74 29 
75 30 
76 30 
77 29 
78 30 
79 29 
80 30 
81 29 
82 30 
83 30 
84 29 
85 30 
86 29 
87 30 
88 30 
89 30 
90 30 
91 29 
92 30 
93 30 
94 30 
95 30 
96 30 
97 30 
98 29 
99 28 
100 30 
101 30 
102 28 
103 30 
104 30 
105 30 
106 30 
107 30 
108 29 
109 30 
110 29 
111 30 
112 29 
113 30 
114 28 
115 28 
116 29 
117 29 
118 30 
119 28 
120 30 
121 30 
122 29 
123 30 
124 30 
125 29 
126 28 
127 28 
128 29 
129 30 
130 29 
131 30 
132 30 
133 29 
134 29 
135 30 
136 30 
137 30 
138 30 
139 30 
140 30 
141 29 
142 30 
143 29 
144 29 
145 30 
146 30 
147 30 
148 29 
149 29 
150 27 
151 28 
152 30 
153 30 
154 30 
155 30 
156 30 
157 30 
158 30 
159 29 
160 28 
161 30 
162 30 
163 30 
164 30 
165 30 
166 26 
167 27 
168 29 
169 30 
170 29 
171 30 
172 30 
173 29 
174 30 
175 29 
176 29 
177 30 
178 30 
179 29 
180 27 
181 30 
182 30 
183 30 
184 29 
185 29 
186 30 
187 30 
188 29 
189 30 
190 30 
191 30 
192 30 
193 28 
194 30 
195 30 
196 30 
197 30 
198 30 
199 30 
200 30 
201 29 
202 29 
203 29 
204 30 
205 29 
206 29 
207 30 
208 30 
209 30 
210 29 
211 30 
212 27 
213 29 
214 30 
215 29 
216 30 
217 29 
218 30 
219 30 
220 29 
221 29 
222 27 
223 29 
224 30 
225 30 
226 30 
227 29 
228 30 
229 30 
230 28 
231 30 
232 30 
233 30 
234 30 
235 30 
236 30 
237 30 
238 28 
239 30 
240 30 
241 30 
242 30 
243 30 
244 29 
245 30 
246 30 
247 30 
248 30 
249 30 
250 30 
251 30 
252 30 
253 28 
254 28 
255 28 
256 30 
257 29 
258 30 
259 30 
260 28 
261 30 
262 30 
263 30 
264 30 
265 30 
266 29 
267 30 
268 29 
269 30 
270 30 
271 30 
272 29 
273 30 
274 29 
275 30 
276 29 
277 29 
278 29 
279 30 
280 29 
281 29 
282 29 
283 30 
284 30 
285 29 
286 30 
287 29 
288 29 
289 28 
290 29 
291 30 
292 29 
293 30 
294 29 
295 30 
296 30 
297 30 
298 30 
299 30 
300 30 
301 30 
302 30 
303 30 
304 29 
305 30 
306 29 
307 30 
308 30 
309 28 
310 30 
311 29 
312 30 
313 30 
314 29 
315 28 
316 30 
317 29 
318 30 
319 30 
320 29 
321 30 
322 29 
323 30 
324 30 
325 30 
326 30 
327 30 
328 30 
329 28 
330 30 
331 29 
332 29 
333 30 
334 30 
335 30 
336 30 
337 29 
338 29 
339 29 
340 30 
341 30 
342 30 
343 30 
344 30 
345 27 
346 30 
347 30 
348 29 
349 30 
350 28 
351 28 
352 30 
353 30 
354 30 
355 29 
356 30 
357 30 
358 30 
359 30 
360 28 
361 30 
362 29 
363 30 
364 30 
365 30 
366 30 
367 30 
368 29 
369 28 
370 30 
371 30 
372 30 
373 29 
374 30 
375 28 
376 30 
377 29 
378 29 
379 30 
380 30 
381 29 
382 30 
383 29 
384 28 
385 30 
386 30 
387 30 
388 29 
389 30 
390 30 
391 30 
392 30 
393 29 
394 30 
395 30 
396 30 
397 29 
398 29 
399 30 
400 30 
401 30 
402 30 
403 30 
404 28 
405 30 
406 29 
407 29 
408 30 
409 29 
410 30 
411 30 
412 30 
413 30 
414 30 
415 30 
416 30 
417 30 
418 30 
419 29 
420 29 
421 30 
422 30 
423 30 
424 30 
425 30 
426 30 
427 28 
428 30 
429 29 
430 29 
431 29 
432 29 
433 30 
434 30 
435 29 
436 30 
437 28 
438 30 
439 29 
440 30 
441 29 
442 30 
443 30 
444 30 
445 26 
446 30 
447 30 
448 29 
449 30 
450 29 
451 30 
452 29 
453 30 
454 30 
455 30 
456 30 
457 30 
458 30 
459 30 
460 30 
461 30 
462 29 
463 30 
464 30 
465 29 
466 29 
467 30 
468 30 
469 30 
470 29 
471 30 
472 30 
473 29 
474 30 
475 30 
476 30 
477 29 
478 29 
479 30 
480 29 
481 29 
482 30 
483 29 
484 30 
485 30 
486 27 
487 29 
488 30 
489 30 
490 29 
491 30 
492 30 
493 30 
494 29 
495 30 
496 30 
497 29 
498 30 
499 30 
500 30 
501 30 
502 29 
503 30 
504 28 
505 30 
506 28 
507 30 
508 29 
509 30 
510 30 
511 30 
512 30 
513 30 
514 30 
515 30 
516 28 
517 30 
518 29 
519 30 
520 30 
521 30 
522 30 
523 30 
524 30 
525 30 
526 30 
527 29 
528 30 
529 30 
530 30 
531 29 
532 30 
533 29 
534 29 
535 30 
536 30 
537 30 
538 29 
539 30 
540 30 
541 30 
542 30 
543 29 
544 29 
545 30 
546 29 
547 28 
548 30 
549 30 
550 30 
551 30 
552 29 
553 30 
554 30 
555 30 
556 30 
557 30 
558 29 
559 30 
560 29 
561 30 
562 30 
563 30 
564 30 
565 30 
566 29 
567 30 
568 30 
569 29 
570 30 
571 29 
572 30 
573 29 
574 30 
575 30 
576 29 
577 30 
578 29 
579 30 
580 30 
581 29 
582 30 
583 30 
584 29 
585 29 
586 30 
587 30 
588 29 
589 30 
590 29 
591 28 
592 28 
593 29 
594 30 
595 30 
596 30 
597 30 
598 30 
599 30 
600 30 
601 30 
602 28 
603 29 
604 30 
605 30 
606 29 
607 30 
608 29 
609 30 
610 29 
611 30 
612 30 
613 30 
614 30 
615 30 
616 28 
617 30 
618 30 
619 29 
620 30 
621 30 
622 29 
623 30 
624 30 
625 30 
626 29 
627 30 
628 28 
629 30 
630 29 
631 30 
632 28 
633 30 
634 28 
635 29 
636 30 
637 29 
638 29 
639 30 
640 29 
641 30 
642 30 
643 30 
644 30 
645 30 
646 29 
647 30 
648 29 
649 29 
650 30 
651 28 
652 30 
653 29 
654 29 
655 29 
656 30 
657 30 
658 29 
659 30 
660 30 
661 29 
662 30 
663 29 
664 29 
665 30 
666 30 
667 29 
668 29 
669 30 
670 30 
671 30 
672 30 
673 30 
674 30 
675 30 
676 30 
677 29 
678 29 
679 30 
680 30 
681 28 
682 30 
683 29 
684 30 
685 30 
686 30 
687 30 
688 30 
689 30 
690 29 
691 30 
692 29 
693 30 
694 30 
695 30 
696 30 
697 29 
698 29 
699 30 
700 30 
701 30 
702 30 
703 30 
704 30 
705 29 
706 30 
707 30 
708 29 
709 30 
710 30 
711 30 
712 29 
713 30 
714 28 
715 30 
716 28 
717 30 
718 30 
719 30 
720 29 
721 30 
722 29 
723 30 
724 30 
725 30 
726 30 
727 30 
728 29 
729 30 
730 30 
731 30 
732 30 
733 30 
734 30 
735 29 
736 30 
737 28 
738 29 
739 29 
740 29 
741 30 
742 28 
743 30 
744 28 
745 30 
746 30 
747 30 
748 30 
749 30 
750 30 
751 30 
752 29 
753 30 
754 30 
755 30 
756 30 
757 30 
758 29 
759 30 
760 30 
761 30 
762 30 
763 28 
764 29 
765 29 
766 29 
767 30 
768 28 
769 30 
770 29 
771 30 
772 30 
773 29 
774 30 
775 30 
776 30 
777 29 
778 30 
779 29 
780 30 
781 29 
782 28 
783 30 
784 29 
785 30 
786 30 
787 30 
788 29 
789 30 
790 30 
791 29 
792 29 
793 29 
794 30 
795 29 
796 30 
797 30 
798 27 
799 30 
800 30 
801 30 
802 29 
803 29 
804 30 
805 29 
806 30 
807 27 
808 30 
809 30 
810 29 
811 30 
812 30 
813 29 
814 29 
815 29 
816 27 
817 29 
818 30 
819 29 
820 29 
821 28 
822 30 
823 30 
824 30 
825 28 
826 30 
827 30 
828 30 
829 29 
830 29 
831 30 
832 30 
833 30 
834 28 
835 30 
836 29 
837 30 
838 30 
839 30 
840 29 
841 30 
842 30 
843 30 
844 30 
845 30 
846 29 
847 30 
848 30 
849 30 
850 29 
851 30 
852 30 
853 30 
854 28 
855 30 
856 30 
857 30 
858 30 
859 30 
860 30 
861 30 
862 30 
863 29 
864 29 
865 29 
866 30 
867 29 
868 29 
869 30 
870 30 
871 30 
872 29 
873 30 
874 30 
875 30 
876 30 
877 30 
878 30 
879 30 
880 30 
881 28 
882 30 
883 29 
884 30 
885 30 
886 30 
887 29 
888 30 
889 29 
890 29 
891 30 
892 29 
893 30 
894 29 
895 29 
896 30 
897 30 
898 29 
899 30 
900 29 
901 29 
902 29 
903 29 
904 29 
905 30 
906 29 
907 30 
908 30 
909 30 
910 30 
911 30 
912 30 
913 30 
914 29 
915 30 
916 30 
917 30 
918 30 
919 29 
920 30 
921 29 
922 30 
923 29 
924 28 
925 30 
926 30 
927 30 
928 30 
929 30 
930 29 
931 28 
932 29 
933 28 
934 28 
935 30 
936 30 
937 28 
938 30 
939 30 
940 30 
941 29 
942 30 
943 28 
944 30 
945 30 
946 29 
947 29 
948 30 
949 30 
950 29 
951 29 
952 30 
953 30 
954 30 
955 30 
956 29 
957 29 
958 30 
959 30 
960 30 
961 30 
962 29 
963 27 
964 29 
965 30 
966 29 
967 30 
968 29 
969 29 
970 29 
971 30 
972 30 
973 30 
974 30 
975 30 
976 30 
977 30 
978 30 
979 30 
980 28 
981 28 
982 29 
983 29 
984 29 
985 29 
986 30 
987 30 
988 30 
989 29 
990 28 
991 30 
992 29 
993 29 
994 30 
995 29 
996 30 
997 30 
998 30 
999 29 
1000 29 
1001 30 
1002 30 
1003 30 
1004 30 
1005 30 
1006 30 
1007 29 
1008 28 
1009 30 
1010 29 
1011 29 
1012 30 
1013 30 
1014 29 
1015 30 
1016 29 
1017 28 
1018 30 
1019 29 
1020 30 
1021 30 
1022 30 
1023 30 
1024 29 
1025 30 
1026 30 
1027 29 
1028 30 
1029 30 
1030 29 
1031 30 
1032 30 
1033 29 
1034 30 
1035 28 
1036 30 
1037 30 
1038 30 
1039 29 
1040 30 
1041 30 
1042 30 
1043 30 
1044 30 
1045 30 
1046 30 
1047 29 
1048 30 
1049 30 
1050 30 
1051 30 
1052 30 
1053 30 
1054 29 
1055 29 
1056 28 
1057 30 
1058 30 
1059 29 
1060 30 
1061 30 
1062 30 
1063 30 
1064 30 
1065 30 
1066 30 
1067 30 
1068 30 
1069 29 
1070 29 
1071 29 
1072 28 
1073 30 
1074 29 
1075 29 
1076 30 
1077 30 
1078 30 
1079 30 
1080 30 
1081 30 
1082 30 
1083 30 
1084 30 
1085 30 
1086 30 
1087 29 
1088 29 
1089 29 
1090 30 
1091 29 
1092 29 
1093 30 
1094 30 
1095 30 
1096 30 
1097 30 
1098 30 
1099 28 
1100 30 
1101 29 
1102 30 
1103 29 
1104 30 
1105 30 
1106 29 
1107 29 
1108 30 
1109 30 
1110 30 
1111 29 
1112 28 
1113 30 
1114 29 
1115 29 
1116 30 
1117 29 
1118 30 
1119 30 
1120 29 
1121 30 
1122 29 
1123 29 
1124 29 
1125 30 
1126 30 
1127 29 
1128 29 
1129 28 
1130 30 
1131 30 
1132 30 
1133 30 
1134 30 
1135 30 
1136 29 
1137 30 
1138 30 
1139 29 
1140 28 
1141 30 
1142 30 
1143 29 
1144 30 
1145 29 
1146 30 
1147 29 
1148 30 
1149 30 
1150 29 
1151 30 
1152 30 
1153 29 
1154 30 
1155 30 
1156 30 
1157 29 
1158 30 
1159 30 
1160 29 
1161 30 
1162 30 
1163 29 
1164 29 
1165 30 
1166 30 
1167 28 
1168 30 
1169 30 
1170 28 
1171 29 
1172 28 
1173 29 
1174 30 
1175 30 
1176 30 
1177 30 
1178 29 
1179 30 
1180 30 
1181 28 
1182 29 
1183 28 
1184 29 
1185 30 
1186 29 
1187 30 
1188 30 
1189 30 
1190 29 
1191 30 
1192 30 
1193 30 
1194 30 
1195 30 
1196 28 
1197 29 
1198 30 
1199 30 
1200 30 
1201 29 
1202 28 
1203 30 
1204 30 
1205 30 
1206 30 
1207 28 
1208 30 
1209 29 
1210 29 
1211 30 
1212 30 
1213 30 
1214 29 
1215 30 
1216 30 
1217 30 
1218 30 
1219 30 
1220 30 
1221 30 
1222 29 
1223 30 
1224 30 
1225 30 
1226 30 
1227 30 
1228 29 
1229 30 
1230 30 
1231 30 
1232 29 
1233 29 
1234 30 
1235 29 
1236 28 
1237 29 
1238 30 
1239 30 
1240 30 
1241 30 
1242 30 
1243 30 
1244 30 
1245 29 
1246 30 
1247 30 
1248 29 
1249 30 
1250 29 
1251 30 
1252 30 
1253 29 
1254 30 
1255 30 
1256 30 
1257 29 
1258 29 
1259 30 
1260 29 
1261 30 
1262 29 
1263 29 
1264 30 
1265 30 
1266 30 
1267 30 
1268 29 
1269 30 
1270 30 
1271 30 
1272 28 
1273 30 
1274 30 
1275 30 
1276 30 
1277 30 
1278 30 
1279 29 
1280 30 
1281 30 
1282 30 
1283 28 
1284 30 
1285 30 
1286 29 
1287 28 
1288 30 
1289 30 
1290 29 
1291 29 
1292 30 
1293 30 
1294 30 
1295 28 
1296 30 
1297 30 
1298 30 
1299 30 
1300 30 
1301 29 
1302 30 
1303 30 
1304 30 
1305 29 
1306 30 
1307 30 
1308 29 
1309 30 
1310 30 
1311 29 
1312 28 
1313 29 
1314 30 
1315 29 
1316 30 
1317 30 
1318 30 
1319 29 
1320 29 
1321 30 
1322 30 
1323 27 
1324 30 
1325 30 
1326 29 
1327 30 
1328 29 
1329 30 
1330 29 
1331 30 
1332 29 
1333 29 
1334 30 
1335 29 
1336 30 
1337 30 
1338 30 
1339 30 
1340 29 
1341 30 
1342 29 
1343 30 
1344 27 
1345 30 
1346 30 
1347 29 
1348 30 
1349 30 
1350 30 
1351 30 
1352 30 
1353 29 
1354 28 
1355 28 
1356 29 
1357 30 
1358 30 
1359 30 
1360 30 
1361 29 
1362 28 
1363 29 
1364 30 
1365 29 
1366 30 
1367 29 
1368 28 
1369 30 
1370 29 
1371 30 
1372 29 
1373 30 
1374 29 
1375 29 
1376 30 
1377 30 
1378 30 
1379 30 
1380 29 
1381 28 
1382 30 
1383 30 
1384 29 
1385 30 
1386 29 
1387 30 
1388 29 
1389 30 
1390 28 
1391 30 
1392 29 
1393 29 
1394 29 
1395 29 
1396 30 
1397 30 
1398 29 
1399 30 
1400 30 
1401 30 
1402 28 
1403 28 
1404 30 
1405 30 
1406 30 
1407 29 
1408 30 
1409 30 
1410 29 
1411 29 
1412 29 
1413 29 
1414 30 
1415 30 
1416 28 
1417 30 
1418 30 
1419 29 
1420 29 
1421 29 
1422 30 
1423 30 
1424 30 
1425 30 
1426 30 
1427 28 
1428 30 
1429 30 
1430 30 
1431 29 
1432 30 
1433 29 
1434 30 
1435 30 
1436 30 
1437 30 
1438 30 
1439 29 
1440 27 
1441 30 
1442 30 
1443 29 
1444 30 
1445 29 
1446 29 
1447 30 
1448 29 
1449 30 
1450 30 
1451 30 
1452 29 
1453 30 
1454 29 
1455 30 
1456 29 
1457 28 
1458 28 
1459 30 
1460 29 
1461 29 
1462 29 
1463 29 
1464 30 
1465 29 
1466 30 
1467 30 
1468 29 
1469 30 
1470 30 
1471 30 
1472 28 
1473 30 
1474 30 
1475 30 
1476 29 
1477 30 
1478 29 
1479 30 
1480 30 
1481 30 
1482 30 
1483 30 
1484 29 
1485 30 
1486 29 
1487 28 
1488 29 
1489 28 
1490 29 
1491 29 
1492 30 
1493 30 
1494 30 
1495 30 
1496 30 
1497 30 
1498 29 
1499 30 
1500 29 
1501 30 
1502 30 
1503 29 
1504 30 
1505 30 
1506 29 
1507 30 
1508 30 
1509 30 
1510 29 
1511 28 
1512 30 
1513 29 
1514 30 
1515 29 
1516 30 
1517 30 
1518 30 
1519 30 
1520 30 
1521 30 
1522 30 
1523 30 
1524 30 
1525 30 
1526 30 
1527 30 
1528 30 
1529 30 
1530 29 
1531 29 
1532 30 
1533 30 
1534 30 
1535 30 
1536 30 
1537 29 
1538 30 
1539 29 
1540 30 
1541 30 
1542 30 
1543 30 
1544 29 
1545 30 
1546 29 
1547 30 
1548 30 
1549 30 
1550 30 
1551 30 
1552 29 
1553 29 
1554 30 
1555 30 
1556 29 
1557 30 
1558 30 
1559 30 
1560 28 
1561 30 
1562 29 
1563 30 
1564 29 
1565 30 
1566 30 
1567 30 
1568 29 
1569 30 
1570 30 
1571 30 
1572 27 
1573 30 
1574 29 
1575 30 
1576 29 
1577 30 
1578 30 
1579 30 
1580 29 
1581 30 
1582 29 
1583 30 
1584 30 
1585 29 
1586 28 
1587 29 
1588 30 
1589 29 
1590 30 
1591 30 
1592 30 
1593 30 
1594 30 
1595 30 
1596 30 
1597 29 
1598 30 
1599 30 
1600 29 
1601 29 
1602 30 
1603 29 
1604 30 
1605 30 
1606 28 
1607 29 
1608 30 
1609 30 
1610 30 
1611 29 
1612 30 
1613 29 
1614 30 
1615 29 
1616 29 
1617 29 
1618 30 
1619 30 
1620 30 
1621 30 
1622 29 
1623 29 
1624 30 
1625 28 
1626 29 
1627 30 
1628 28 
1629 29 
1630 30 
1631 28 
1632 30 
1633 30 
1634 30 
1635 30 
1636 30 
1637 30 
1638 30 
1639 28 
1640 30 
1641 30 
1642 29 
1643 30 
1644 30 
1645 30 
1646 30 
1647 29 
1648 30 
1649 28 
1650 29 
1651 30 
1652 30 
1653 30 
1654 30 
1655 30 
1656 29 
1657 30 
1658 30 
1659 30 
1660 29 
1661 30 
1662 29 
1663 30 
1664 28 
1665 29 
1666 28 
1667 30 
1668 30 
1669 30 
1670 28 
1671 30 
1672 30 
1673 30 
1674 30 
1675 30 
1676 30 
1677 30 
1678 29 
1679 29 
1680 29 
1681 30 
1682 30 
1683 29 
1684 30 
1685 29 
1686 30 
1687 30 
1688 30 
1689 30 
1690 30 
1691 29 
1692 28 
1693 28 
1694 30 
1695 30 
1696 30 
1697 30 
1698 29 
1699 30 
1700 28 
1701 28 
1702 30 
1703 30 
1704 30 
1705 29 
1706 30 
1707 29 
1708 30 
1709 29 
1710 30 
1711 29 
1712 29 
1713 30 
1714 29 
1715 30 
1716 30 
1717 28 
1718 29 
1719 30 
1720 28 
1721 30 
1722 29 
1723 30 
1724 30 
1725 30 
1726 30 
1727 29 
1728 29 
1729 29 
1730 30 
1731 30 
1732 30 
1733 30 
1734 29 
1735 30 
1736 30 
1737 30 
1738 28 
1739 29 
1740 30 
1741 30 
1742 30 
1743 30 
1744 29 
1745 30 
1746 29 
1747 30 
1748 30 
1749 30 
1750 30 
1751 30 
1752 28 
1753 29 
1754 30 
1755 29 
1756 28 
1757 30 
1758 30 
1759 29 
1760 30 
1761 30 
1762 29 
1763 28 
1764 30 
1765 30 
1766 30 
1767 30 
1768 29 
1769 30 
1770 29 
1771 30 
1772 29 
1773 27 
1774 30 
1775 30 
1776 30 
1777 30 
1778 29 
1779 30 
1780 30 
1781 30 
1782 30 
1783 28 
1784 30 
1785 28 
1786 29 
1787 29 
1788 30 
1789 30 
1790 30 
1791 30 
1792 29 
1793 30 
1794 30 
1795 29 
1796 30 
1797 30 
1798 30 
1799 29 
1800 28 
1801 30 
1802 30 
1803 29 
1804 30 
1805 30 
1806 30 
1807 28 
1808 30 
1809 29 
1810 29 
1811 30 
1812 30 
1813 29 
1814 29 
1815 30 
1816 30 
1817 30 
1818 30 
1819 30 
1820 28 
1821 29 
1822 30 
1823 29 
1824 28 
1825 30 
1826 30 
1827 29 
1828 30 
1829 29 
1830 30 
1831 30 
1832 30 
1833 30 
1834 30 
1835 30 
1836 30 
1837 30 
1838 30 
1839 30 
1840 29 
1841 30 
1842 30 
1843 29 
1844 30 
1845 30 
1846 30 
1847 30 
1848 29 
1849 30 
1850 30 
1851 27 
1852 30 
1853 29 
1854 29 
1855 30 
1856 29 
1857 30 
1858 30 
1859 30 
1860 27 
1861 30 
1862 30 
1863 29 
1864 30 
1865 29 
1866 29 
1867 30 
1868 29 
1869 29 
1870 30 
1871 30 
1872 30 
1873 30 
1874 30 
1875 29 
1876 30 
1877 30 
1878 30 
1879 30 
1880 30 
1881 30 
1882 30 
1883 30 
1884 30 
1885 30 
1886 30 
1887 30 
1888 30 
1889 30 
1890 30 
1891 30 
1892 29 
1893 30 
1894 28 
1895 29 
1896 29 
1897 29 
1898 30 
1899 29 
1900 29 
1901 30 
1902 30 
1903 29 
1904 30 
1905 30 
1906 29 
1907 30 
1908 30 
1909 29 
1910 30 
1911 29 
1912 29 
1913 30 
1914 28 
1915 29 
1916 29 
1917 30 
1918 29 
1919 30 
1920 30 
1921 29 
1922 30 
1923 30 
1924 30 
1925 30 
1926 30 
1927 29 
1928 30 
1929 30 
1930 30 
1931 29 
1932 30 
1933 30 
1934 30 
1935 30 
1936 30 
1937 28 
1938 29 
1939 29 
1940 29 
1941 28 
1942 27 
1943 30 
1944 29 
1945 29 
1946 30 
1947 30 
1948 30 
1949 29 
1950 29 
1951 30 
1952 29 
1953 28 
1954 30 
1955 30 
1956 29 
1957 29 
1958 30 
1959 30 
1960 29 
1961 30 
1962 30 
1963 30 
1964 30 
1965 30 
1966 30 
1967 30 
1968 30 
1969 28 
1970 30 
1971 30 
1972 30 
1973 30 
1974 29 
1975 30 
1976 30 
1977 30 
1978 28 
1979 30 
1980 30 
1981 30 
1982 30 
1983 30 
1984 30 
1985 30 
1986 30 
1987 29 
1988 30 
1989 30 
1990 29 
1991 29 
1992 28 
1993 30 
1994 30 
1995 30 
1996 30 
1997 30 
1998 30 
1999 30 
2000 30 
2001 30 
2002 29 
2003 27 
2004 29 
2005 30 
2006 30 
2007 28 
2008 30 
2009 30 
2010 30 
2011 29 
2012 30 
2013 29 
2014 30 
2015 29 
2016 29 
2017 30 
2018 30 
2019 30 
2020 30 
2021 30 
2022 29 
2023 30 
2024 30 
2025 30 
2026 29 
2027 28 
2028 30 
2029 30 
2030 29 
2031 30 
2032 30 
2033 30 
2034 28 
2035 30 
2036 30 
2037 30 
2038 30 
2039 30 
2040 29 
2041 28 
2042 29 
2043 30 
2044 30 
2045 30 
2046 30 
2047 30 
2048 30 
2049 29 
2050 29 
2051 30 
2052 30 
2053 30 
2054 30 
2055 30 
2056 28 
2057 29 
2058 29 
2059 30 
2060 29 
2061 30 
2062 30 
2063 30 
2064 30 
2065 30 
2066 28 
2067 30 
2068 30 
2069 29 
2070 30 
2071 30 
2072 29 
2073 30 
2074 30 
2075 30 
2076 30 
2077 30 
2078 30 
2079 29 
2080 29 
2081 30 
2082 30 
2083 29 
2084 30 
2085 30 
2086 29 
2087 29 
2088 30 
2089 30 
2090 30 
2091 29 
2092 29 
2093 28 
2094 29 
2095 30 
2096 30 
2097 30 
2098 29 
2099 30 
2100 30 
2101 30 
2102 29 
2103 30 
2104 29 
2105 29 
2106 30 
2107 30 
2108 28 
2109 29 
2110 30 
2111 30 
2112 29 
2113 30 
2114 29 
2115 30 
2116 29 
2117 30 
2118 30 
2119 28 
2120 30 
2121 30 
2122 29 
2123 30 
2124 30 
2125 30 
2126 29 
2127 28 
2128 29 
2129 30 
2130 30 
2131 29 
2132 30 
2133 29 
2134 29 
2135 30 
2136 30 
2137 30 
2138 30 
2139 29 
2140 30 
2141 28 
2142 30 
2143 30 
2144 30 
2145 29 
2146 30 
2147 27 
2148 30 
2149 30 
2150 30 
2151 30 
2152 30 
2153 29 
2154 29 
2155 30 
2156 27 
2157 29 
2158 30 
2159 29 
2160 30 
2161 30 
2162 30 
2163 29 
2164 30 
2165 28 
2166 30 
2167 30 
2168 30 
2169 30 
2170 30 
2171 27 
2172 30 
2173 30 
2174 29 
2175 29 
2176 30 
2177 30 
2178 29 
2179 30 
2180 30 
2181 29 
2182 30 
2183 30 
2184 29 
2185 27 
2186 30 
2187 30 
2188 30 
2189 30 
2190 30 
2191 30 
2192 30 
2193 30 
2194 29 
2195 30 
2196 30 
2197 29 
2198 30 
2199 30 
2200 29 
2201 30 
2202 30 
2203 29 
2204 30 
2205 30 
2206 30 
2207 30 
2208 30 
2209 30 
2210 29 
2211 30 
2212 30 
2213 30 
2214 29 
2215 30 
2216 29 
2217 30 
2218 30 
2219 29 
2220 30 
2221 28 
2222 30 
2223 29 
2224 30 
2225 30 
2226 29 
2227 30 
2228 30 
2229 30 
2230 29 
2231 30 
2232 30 
2233 27 
2234 29 
2235 29 
2236 30 
2237 30 
2238 30 
2239 29 
2240 30 
2241 28 
2242 30 
2243 30 
2244 30 
2245 29 
2246 30 
2247 30 
2248 30 
2249 30 
2250 29 
2251 29 
2252 29 
2253 30 
2254 29 
2255 30 
2256 26 
2257 30 
2258 30 
2259 29 
2260 30 
2261 30 
2262 30 
2263 29 
2264 30 
2265 29 
2266 30 
2267 28 
2268 29 
2269 28 
2270 29 
2271 29 
2272 30 
2273 29 
2274 30 
2275 30 
2276 30 
2277 30 
2278 29 
2279 29 
2280 30 
2281 29 
2282 30 
2283 30 
2284 29 
2285 30 
2286 29 
2287 30 
2288 29 
2289 29 
2290 30 
2291 30 
2292 30 
2293 30 
2294 29 
2295 30 
2296 29 
2297 30 
2298 30 
2299 28 
2300 29 
2301 30 
2302 29 
2303 29 
2304 30 
2305 30 
2306 30 
2307 29 
2308 29 
2309 28 
2310 28 
2311 29 
2312 30 
2313 30 
2314 29 
2315 28 
2316 29 
2317 29 
2318 30 
2319 29 
2320 30 
2321 29 
2322 30 
2323 30 
2324 28 
2325 27 
2326 30 
2327 29 
2328 29 
2329 29 
2330 30 
2331 30 
2332 28 
2333 30 
2334 29 
2335 29 
2336 30 
2337 29 
2338 30 
2339 28 
2340 30 
2341 30 
2342 30 
2343 30 
2344 29 
2345 29 
2346 30 
2347 30 
2348 30 
2349 30 
2350 29 
2351 30 
2352 29 
2353 29 
2354 29 
2355 30 
2356 30 
2357 30 
2358 30 
2359 30 
2360 29 
2361 30 
2362 30 
2363 29 
2364 30 
2365 30 
2366 30 
2367 30 
2368 29 
2369 30 
2370 28 
2371 29 
2372 29 
2373 30 
2374 30 
2375 30 
2376 29 
2377 30 
2378 30 
2379 29 
2380 30 
2381 30 
2382 29 
2383 30 
2384 30 
2385 30 
2386 30 
2387 30 
2388 30 
2389 29 
2390 29 
2391 30 
2392 27 
2393 30 
2394 29 
2395 30 
2396 30 
2397 30 
2398 30 
2399 30 
2400 30 
2401 30 
2402 29 
2403 30 
2404 29 
2405 30 
2406 29 
2407 30 
2408 30 
2409 29 
2410 30 
2411 29 
2412 30 
2413 30 
2414 30 
2415 30 
2416 29 
2417 30 
2418 29 
2419 30 
2420 30 
2421 30 
2422 29 
2423 29 
2424 30 
2425 29 
2426 28 
2427 29 
2428 30 
2429 29 
2430 29 
2431 27 
2432 30 
2433 29 
2434 30 
2435 29 
2436 30 
2437 30 
2438 30 
2439 29 
2440 28 
2441 30 
2442 30 
2443 30 
2444 30 
2445 29 
2446 30 
2447 30 
2448 30 
2449 30 
2450 28 
2451 30 
2452 30 
2453 29 
2454 30 
2455 29 
2456 29 
2457 30 
2458 29 
2459 30 
2460 30 
2461 30 
2462 30 
2463 30 
2464 30 
2465 29 
2466 30 
2467 30 
2468 30 
2469 30 
2470 30 
2471 30 
2472 30 
2473 30 
2474 30 
2475 30 
2476 30 
2477 30 
2478 30 
2479 28 
2480 30 
2481 30 
2482 29 
2483 28 
2484 30 
2485 30 
2486 29 
2487 30 
2488 29 
2489 30 
2490 29 
2491 29 
2492 30 
2493 30 
2494 30 
2495 30 
2496 29 
2497 30 
2498 30 
2499 30 
2500 30 
2501 30 
2502 29 
2503 30 
2504 30 
2505 30 
2506 30 
2507 28 
2508 29 
2509 28 
2510 30 
2511 29 
2512 30 
2513 30 
2514 29 
2515 29 
2516 29 
2517 30 
2518 29 
2519 30 
2520 30 
2521 30 
2522 29 
2523 29 
2524 30 
2525 30 
2526 30 
2527 27 
2528 29 
2529 30 
2530 30 
2531 30 
2532 29 
2533 30 
2534 29 
2535 29 
2536 28 
2537 29 
2538 30 
2539 29 
2540 30 
2541 29 
2542 29 
2543 30 
2544 30 
2545 30 
2546 29 
2547 28 
2548 29 
2549 29 
2550 30 
2551 30 
2552 30 
2553 28 
2554 29 
2555 30 
2556 30 
2557 30 
2558 30 
2559 30 
2560 30 
2561 30 
2562 30 
2563 29 
2564 29 
2565 30 
2566 29 
2567 30 
2568 29 
2569 30 
2570 30 
2571 29 
2572 30 
2573 28 
2574 30 
2575 30 
2576 29 
2577 30 
2578 30 
2579 29 
2580 30 
2581 30 
2582 30 
2583 30 
2584 29 
2585 30 
2586 30 
2587 29 
2588 30 
2589 29 
2590 30 
2591 30 
2592 30 
2593 30 
2594 30 
2595 29 
2596 30 
2597 30 
2598 30 
2599 30 
2600 30 
2601 30 
2602 29 
2603 30 
2604 29 
2605 28 
2606 29 
2607 29 
2608 30 
2609 30 
2610 30 
2611 30 
2612 30 
2613 30 
2614 30 
2615 30 
2616 29 
2617 30 
2618 29 
2619 30 
2620 30 
2621 30 
2622 30 
2623 30 
2624 29 
2625 30 
2626 30 
2627 30 
2628 30 
2629 30 
2630 30 
2631 29 
2632 30 
2633 30 
2634 30 
2635 30 
2636 30 
2637 30 
2638 29 
2639 30 
2640 30 
2641 26 
2642 28 
2643 28 
2644 30 
2645 29 
2646 30 
2647 28 
2648 30 
2649 29 
2650 30 
2651 28 
2652 29 
2653 29 
2654 29 
2655 29 
2656 29 
2657 30 
2658 28 
2659 30 
2660 30 
2661 28 
2662 30 
2663 30 
2664 30 
2665 30 
2666 29 
2667 30 
2668 30 
2669 30 
2670 30 
2671 30 
2672 28 
2673 30 
2674 28 
2675 30 
2676 30 
2677 30 
2678 30 
2679 29 
2680 29 
2681 30 
2682 30 
2683 30 
2684 30 
2685 29 
2686 30 
2687 29 
2688 29 
2689 30 
2690 29 
2691 30 
2692 29 
2693 30 
2694 30 
2695 30 
2696 28 
2697 30 
2698 29 
2699 29 
2700 30 
2701 30 
2702 29 
2703 27 
2704 30 
2705 29 
2706 30 
2707 30 
2708 28 
2709 30 
2710 30 
2711 29 
2712 29 
2713 30 
2714 29 
2715 30 
2716 30 
2717 28 
2718 30 
2719 30 
2720 30 
2721 30 
2722 30 
2723 30 
2724 30 
2725 30 
2726 29 
2727 30 
2728 30 
2729 28 
2730 30 
2731 29 
2732 29 
2733 29 
2734 30 
2735 30 
2736 30 
2737 28 
2738 30 
2739 29 
2740 30 
2741 30 
2742 30 
2743 30 
2744 28 
2745 30 
2746 29 
2747 28 
2748 29 
2749 30 
2750 29 
2751 29 
2752 29 
2753 30 
2754 29 
2755 30 
2756 30 
2757 28 
2758 27 
2759 30 
2760 30 
2761 30 
2762 30 
2763 30 
2764 29 
2765 30 
2766 30 
2767 30 
2768 29 
2769 30 
2770 30 
2771 29 
2772 30 
2773 30 
2774 30 
2775 30 
2776 30 
2777 30 
2778 29 
2779 28 
2780 30 
2781 30 
2782 28 
2783 30 
2784 30 
2785 30 
2786 30 
2787 30 
2788 30 
2789 30 
2790 30 
2791 30 
2792 30 
2793 30 
2794 30 
2795 29 
2796 30 
2797 29 
2798 29 
2799 29 
2800 30 
2801 30 
2802 30 
2803 30 
2804 30 
2805 30 
2806 30 
2807 30 
2808 29 
2809 30 
2810 30 
2811 29 
2812 30 
2813 30 
2814 30 
2815 29 
2816 30 
2817 29 
2818 30 
2819 30 
2820 28 
2821 30 
2822 30 
2823 29 
2824 30 
2825 30 
2826 30 
2827 29 
2828 28 
2829 30 
2830 30 
2831 29 
2832 30 
2833 30 
2834 29 
2835 29 
2836 29 
2837 30 
2838 30 
2839 30 
2840 29 
2841 30 
2842 30 
2843 30 
2844 30 
2845 30 
2846 28 
2847 30 
2848 30 
2849 28 
2850 30 
2851 30 
2852 30 
2853 30 
2854 30 
2855 29 
2856 29 
2857 29 
2858 29 
2859 29 
2860 29 
2861 29 
2862 30 
2863 29 
2864 30 
2865 30 
2866 30 
2867 30 
2868 30 
2869 29 
2870 29 
2871 30 
2872 28 
2873 29 
2874 29 
2875 30 
2876 30 
2877 30 
2878 29 
2879 30 
2880 30 
2881 29 
2882 30 
2883 30 
2884 28 
2885 30 
2886 29 
2887 29 
2888 29 
2889 30 
2890 29 
2891 29 
2892 30 
2893 30 
2894 29 
2895 30 
2896 30 
2897 30 
2898 30 
2899 30 
2900 29 
2901 29 
2902 29 
2903 29 
2904 29 
2905 30 
2906 30 
2907 30 
2908 30 
2909 30 
2910 29 
2911 30 
2912 29 
2913 29 
2914 30 
2915 30 
2916 29 
2917 30 
2918 30 
2919 30 
2920 29 
2921 30 
2922 28 
2923 30 
2924 30 
2925 30 
2926 30 
2927 29 
2928 30 
2929 30 
2930 28 
2931 29 
2932 30 
2933 28 
2934 29 
2935 30 
2936 29 
2937 30 
2938 28 
2939 30 
2940 29 
2941 29 
2942 30 
2943 29 
2944 30 
2945 30 
2946 30 
2947 30 
2948 29 
2949 29 
2950 29 
2951 30 
2952 28 
2953 30 
2954 29 
2955 29 
2956 29 
2957 29 
2958 29 
2959 30 
2960 30 
2961 28 
2962 30 
2963 30 
2964 30 
2965 30 
2966 30 
2967 30 
2968 30 
2969 29 
2970 30 
2971 28 
2972 30 
2973 30 
2974 29 
2975 28 
2976 29 
2977 26 
2978 30 
2979 29 
2980 30 
2981 28 
2982 30 
2983 29 
2984 30 
2985 30 
2986 30 
2987 29 
2988 29 
2989 28 
2990 30 
2991 29 
2992 29 
2993 28 
2994 30 
2995 30 
2996 30 
2997 30 
2998 30 
2999 29 
3000 30 
3001 28 
3002 30 
3003 28 
3004 30 
3005 30 
3006 29 
3007 30 
3008 30 
3009 29 
3010 27 
3011 30 
3012 30 
3013 30 
3014 30 
3015 30 
3016 30 
3017 30 
3018 30 
3019 29 
3020 30 
3021 30 
3022 29 
3023 30 
3024 30 
3025 30 
3026 29 
3027 30 
3028 30 
3029 30 
3030 29 
3031 29 
3032 30 
3033 29 
3034 30 
3035 30 
3036 30 
3037 30 
3038 29 
3039 29 
3040 29 
3041 29 
3042 29 
3043 30 
3044 30 
3045 29 
3046 30 
3047 30 
3048 28 
3049 29 
3050 30 
3051 29 
3052 29 
3053 30 
3054 30 
3055 28 
3056 30 
3057 30 
3058 30 
3059 30 
3060 30 
3061 30 
3062 29 
3063 29 
3064 30 
3065 30 
3066 30 
3067 30 
3068 30 
3069 30 
3070 29 
3071 30 
3072 29 
3073 30 
3074 30 
3075 30 
3076 30 
3077 30 
3078 30 
3079 29 
3080 30 
3081 30 
3082 30 
3083 30 
3084 30 
3085 30 
3086 30 
3087 29 
3088 29 
3089 29 
3090 30 
3091 30 
3092 30 
3093 30 
3094 30 
3095 30 
3096 30 
3097 30 
3098 30 
3099 30 
3100 30 
3101 30 
3102 29 
3103 30 
3104 29 
3105 30 
3106 30 
3107 30 
3108 30 
3109 29 
3110 30 
3111 30 
3112 28 
3113 30 
3114 30 
3115 30 
3116 30 
3117 30 
3118 30 
3119 30 
3120 29 
3121 30 
3122 30 
3123 30 
3124 29 
3125 28 
3126 29 
3127 30 
3128 30 
3129 30 
3130 29 
3131 30 
3132 30 
3133 29 
3134 30 
3135 29 
3136 30 
3137 28 
3138 30 
3139 30 
3140 28 
3141 30 
3142 29 
3143 29 
3144 30 
3145 30 
3146 29 
3147 30 
3148 30 
3149 30 
3150 30 
3151 30 
3152 29 
3153 29 
3154 28 
3155 30 
3156 30 
3157 29 
3158 30 
3159 29 
3160 28 
3161 30 
3162 29 
3163 29 
3164 29 
3165 30 
3166 30 
3167 30 
3168 29 
3169 30 
3170 30 
3171 29 
3172 29 
3173 30 
3174 30 
3175 30 
3176 30 
3177 30 
3178 28 
3179 30 
3180 30 
3181 30 
3182 29 
3183 28 
3184 30 
3185 29 
3186 30 
3187 30 
3188 29 
3189 29 
3190 30 
3191 29 
3192 30 
3193 30 
3194 28 
3195 30 
3196 30 
3197 30 
3198 29 
3199 30 
3200 30 
3201 30 
3202 29 
3203 27 
3204 29 
3205 30 
3206 30 
3207 30 
3208 30 
3209 29 
3210 29 
3211 29 
3212 29 
3213 29 
3214 30 
3215 30 
3216 30 
3217 29 
3218 27 
3219 29 
3220 30 
3221 30 
3222 30 
3223 29 
3224 30 
3225 30 
3226 28 
3227 29 
3228 30 
3229 30 
3230 30 
3231 29 
3232 30 
3233 30 
3234 30 
3235 30 
3236 30 
3237 30 
3238 30 
3239 30 
3240 30 
3241 29 
3242 30 
3243 29 
3244 29 
3245 30 
3246 30 
3247 30 
3248 29 
3249 29 
3250 30 
3251 29 
3252 30 
3253 29 
3254 30 
3255 30 
3256 30 
3257 30 
3258 29 
3259 30 
3260 30 
3261 29 
3262 29 
3263 30 
3264 30 
3265 29 
3266 29 
3267 30 
3268 30 
3269 30 
3270 29 
3271 30 
3272 30 
3273 30 
3274 30 
3275 30 
3276 30 
3277 30 
3278 30 
3279 29 
3280 29 
3281 30 
3282 29 
3283 30 
3284 30 
3285 30 
3286 30 
3287 30 
3288 30 
3289 27 
3290 29 
3291 30 
3292 30 
3293 30 
3294 30 
3295 30 
3296 30 
3297 30 
3298 27 
3299 29 
3300 29 
3301 30 
3302 30 
3303 29 
3304 30 
3305 30 
3306 30 
3307 30 
3308 29 
3309 29 
3310 30 
3311 28 
3312 28 
3313 30 
3314 29 
3315 29 
3316 30 
3317 30 
3318 30 
3319 30 
3320 30 
3321 30 
3322 30 
3323 30 
3324 30 
3325 30 
3326 28 
3327 30 
3328 30 
3329 30 
3330 28 
3331 27 
3332 30 
3333 29 
3334 29 
3335 30 
3336 30 
3337 30 
3338 28 
3339 29 
3340 30 
3341 30 
3342 30 
3343 30 
3344 30 
3345 30 
3346 29 
3347 30 
3348 30 
3349 30 
3350 30 
3351 30 
3352 30 
3353 30 
3354 30 
3355 30 
3356 30 
3357 30 
3358 30 
3359 30 
3360 30 
3361 30 
3362 29 
3363 29 
3364 30 
3365 30 
3366 30 
3367 30 
3368 30 
3369 30 
3370 29 
3371 30 
3372 28 
3373 30 
3374 30 
3375 30 
3376 29 
3377 28 
3378 29 
3379 30 
3380 30 
3381 29 
3382 29 
3383 30 
3384 29 
3385 29 
3386 30 
3387 30 
3388 29 
3389 30 
3390 30 
3391 30 
3392 30 
3393 30 
3394 30 
3395 30 
3396 30 
3397 29 
3398 29 
3399 29 
3400 30 
3401 28 
3402 30 
3403 29 
3404 30 
3405 30 
3406 30 
3407 30 
3408 29 
3409 30 
3410 30 
3411 30 
3412 30 
3413 27 
3414 29 
3415 30 
3416 30 
3417 30 
3418 30 
3419 30 
3420 30 
3421 30 
3422 29 
3423 30 
3424 30 
3425 29 
3426 29 
3427 30 
3428 29 
3429 29 
3430 29 
3431 30 
3432 28 
3433 30 
3434 29 
3435 29 
3436 30 
3437 30 
3438 30 
3439 29 
3440 29 
3441 29 
3442 28 
3443 30 
3444 30 
3445 30 
3446 30 
3447 30 
3448 30 
3449 28 
3450 30 
3451 29 
3452 28 
3453 28 
3454 29 
3455 30 
3456 30 
3457 30 
3458 30 
3459 30 
3460 29 
3461 30 
3462 30 
3463 30 
3464 30 
3465 30 
3466 29 
3467 29 
3468 30 
3469 29 
3470 30 
3471 29 
3472 30 
3473 30 
3474 30 
3475 30 
3476 30 
3477 30 
3478 30 
3479 29 
3480 30 
3481 30 
3482 30 
3483 29 
3484 29 
3485 30 
3486 29 
3487 30 
3488 29 
3489 30 
3490 28 
3491 30 
3492 30 
3493 30 
3494 30 
3495 30 
3496 29 
3497 29 
3498 30 
3499 30 
3500 30 
3501 29 
3502 30 
3503 29 
3504 30 
3505 30 
3506 30 
3507 30 
3508 29 
3509 30 
3510 30 
3511 26 
3512 30 
3513 29 
3514 30 
3515 29 
3516 29 
3517 30 
3518 30 
3519 30 
3520 30 
3521 28 
3522 30 
3523 29 
3524 30 
3525 30 
3526 28 
3527 29 
3528 30 
3529 30 
3530 30 
3531 30 
3532 29 
3533 29 
3534 29 
3535 28 
3536 30 
3537 30 
3538 30 
3539 30 
3540 28 
3541 28 
3542 30 
3543 30 
3544 30 
3545 30 
3546 29 
3547 30 
3548 29 
3549 30 
3550 30 
3551 29 
3552 30 
3553 29 
3554 29 
3555 29 
3556 29 
3557 29 
3558 30 
3559 29 
3560 29 
3561 30 
3562 30 
3563 28 
3564 30 
3565 29 
3566 30 
3567 30 
3568 30 
3569 29 
3570 29 
3571 30 
3572 30 
3573 30 
3574 30 
3575 28 
3576 28 
3577 30 
3578 30 
3579 30 
3580 28 
3581 30 
3582 29 
3583 29 
3584 30 
3585 30 
3586 30 
3587 30 
3588 30 
3589 30 
3590 29 
3591 30 
3592 30 
3593 29 
3594 28 
3595 30 
3596 30 
3597 30 
3598 30 
3599 29 
3600 30 
3601 30 
3602 30 
3603 30 
3604 30 
3605 29 
3606 30 
3607 27 
3608 28 
3609 30 
3610 30 
3611 29 
3612 29 
3613 29 
3614 30 
3615 30 
3616 30 
3617 30 
3618 30 
3619 29 
3620 30 
3621 28 
3622 29 
3623 29 
3624 30 
3625 30 
3626 30 
3627 30 
3628 29 
3629 29 
3630 30 
3631 30 
3632 30 
3633 29 
3634 30 
3635 29 
3636 30 
3637 30 
3638 29 
3639 29 
3640 29 
3641 30 
3642 30 
3643 29 
3644 29 
3645 30 
3646 30 
3647 29 
3648 30 
3649 30 
3650 30 
3651 30 
3652 29 
3653 30 
3654 30 
3655 30 
3656 30 
3657 30 
3658 30 
3659 30 
3660 30 
3661 29 
3662 30 
3663 30 
3664 29 
3665 27 
3666 30 
3667 29 
3668 29 
3669 29 
3670 30 
3671 30 
3672 29 
3673 30 
3674 30 
3675 30 
3676 30 
3677 29 
3678 30 
3679 30 
3680 30 
3681 29 
3682 29 
3683 30 
3684 28 
3685 30 
3686 30 
3687 30 
3688 30 
3689 30 
3690 30 
3691 29 
3692 30 
3693 28 
3694 30 
3695 30 
3696 30 
3697 30 
3698 30 
3699 30 
3700 27 
3701 30 
3702 29 
3703 30 
3704 30 
3705 29 
3706 30 
3707 30 
3708 30 
3709 30 
3710 29 
3711 30 
3712 30 
3713 30 
3714 30 
3715 27 
3716 30 
3717 30 
3718 29 
3719 29 
3720 30 
3721 29 
3722 29 
3723 30 
3724 28 
3725 30 
3726 30 
3727 30 
3728 29 
3729 30 
3730 30 
3731 29 
3732 30 
3733 30 
3734 30 
3735 30 
3736 30 
3737 29 
3738 30 
3739 30 
3740 30 
3741 30 
3742 30 
3743 28 
3744 29 
3745 29 
3746 30 
3747 29 
3748 30 
3749 30 
3750 30 
3751 30 
3752 30 
3753 29 
3754 29 
3755 30 
3756 30 
3757 30 
3758 29 
3759 30 
3760 30 
3761 28 
3762 30 
3763 29 
3764 28 
3765 29 
3766 29 
3767 30 
3768 30 
3769 30 
3770 30 
3771 29 
3772 29 
3773 29 
3774 29 
3775 29 
3776 29 
3777 30 
3778 30 
3779 30 
3780 30 
3781 30 
3782 30 
3783 30 
3784 30 
3785 29 
3786 30 
3787 30 
3788 28 
3789 30 
3790 29 
3791 30 
3792 30 
3793 30 
3794 30 
3795 30 
3796 30 
3797 30 
3798 30 
3799 28 
3800 30 
3801 30 
3802 29 
3803 30 
3804 28 
3805 29 
3806 28 
3807 30 
3808 29 
3809 30 
3810 29 
3811 30 
3812 30 
3813 28 
3814 29 
3815 30 
3816 30 
3817 30 
3818 30 
3819 28 
3820 30 
3821 30 
3822 29 
3823 29 
3824 29 
3825 30 
3826 28 
3827 30 
3828 28 
3829 30 
3830 30 
3831 30 
3832 30 
3833 30 
3834 30 
3835 30 
3836 30 
3837 30 
3838 28 
3839 30 
3840 30 
3841 27 
3842 30 
3843 30 
3844 29 
3845 30 
3846 29 
3847 29 
3848 29 
3849 29 
3850 30 
3851 30 
3852 30 
3853 30 
3854 30 
3855 30 
3856 30 
3857 30 
3858 29 
3859 30 
3860 30 
3861 30 
3862 29 
3863 30 
3864 29 
3865 30 
3866 29 
3867 29 
3868 30 
3869 30 
3870 30 
3871 30 
3872 30 
3873 30 
3874 30 
3875 30 
3876 30 
3877 30 
3878 29 
3879 29 
3880 30 
3881 29 
3882 29 
3883 29 
3884 29 
3885 29 
3886 29 
3887 30 
3888 30 
3889 30 
3890 29 
3891 30 
3892 29 
3893 29 
3894 30 
3895 30 
3896 28 
3897 30 
3898 30 
3899 30 
3900 28 
3901 29 
3902 28 
3903 30 
3904 30 
3905 30 
3906 30 
3907 29 
3908 30 
3909 29 
3910 30 
3911 29 
3912 30 
3913 29 
3914 29 
3915 30 
3916 27 
3917 29 
3918 30 
3919 30 
3920 29 
3921 30 
3922 29 
3923 28 
3924 28 
3925 30 
3926 30 
3927 30 
3928 29 
3929 29 
3930 29 
3931 29 
3932 30 
3933 30 
3934 28 
3935 30 
3936 29 
3937 29 
3938 30 
3939 30 
3940 30 
3941 30 
3942 29 
3943 29 
3944 30 
3945 29 
3946 30 
3947 29 
3948 30 
3949 30 
3950 30 
3951 29 
3952 30 
3953 30 
3954 30 
3955 30 
3956 30 
3957 30 
3958 30 
3959 29 
3960 30 
3961 30 
3962 29 
3963 28 
3964 29 
3965 29 
3966 29 
3967 30 
3968 30 
3969 30 
3970 30 
3971 29 
3972 30 
3973 30 
3974 30 
3975 30 
3976 30 
3977 30 
3978 29 
3979 30 
3980 30 
3981 29 
3982 29 
3983 30 
3984 30 
3985 30 
3986 29 
3987 30 
3988 30 
3989 30 
3990 30 
3991 30 
3992 29 
3993 30 
3994 30 
3995 30 
3996 29 
3997 30 
3998 29 
3999 30 
4000 29 
4001 30 
4002 30 
4003 30 
4004 28 
4005 28 
4006 29 
4007 30 
4008 29 
4009 28 
4010 30 
4011 30 
4012 30 
4013 27 
4014 30 
4015 30 
4016 30 
4017 29 
4018 30 
4019 30 
4020 29 
4021 27 
4022 30 
4023 30 
4024 30 
4025 30 
4026 30 
4027 30 
4028 30 
4029 30 
4030 30 
4031 30 
4032 30 
4033 30 
4034 30 
4035 29 
4036 30 
4037 30 
4038 30 
4039 29 
4040 29 
4041 28 
4042 30 
4043 28 
4044 30 
4045 30 
4046 30 
4047 29 
4048 29 
4049 29 
4050 30 
4051 30 
4052 30 
4053 30 
4054 30 
4055 30 
4056 29 
4057 30 
4058 30 
4059 29 
4060 30 
4061 30 
4062 30 
4063 28 
4064 30 
4065 30 
4066 29 
4067 29 
4068 30 
4069 29 
4070 29 
4071 30 
4072 28 
4073 30 
4074 29 
4075 29 
4076 29 
4077 30 
4078 29 
4079 30 
4080 28 
4081 30 
4082 28 
4083 30 
4084 30 
4085 30 
4086 29 
4087 28 
4088 29 
4089 30 
4090 30 
4091 29 
4092 30 
4093 30 
4094 26 
4095 29 
4096 30 
4097 30 
4098 30 
4099 29 
4100 29 
4101 29 
4102 30 
4103 29 
4104 29 
4105 30 
4106 30 
4107 30 
4108 30 
4109 30 
4110 30 
4111 30 
4112 30 
4113 29 
4114 30 
4115 30 
4116 30 
4117 30 
4118 30 
4119 30 
4120 29 
4121 30 
4122 30 
4123 28 
4124 30 
4125 29 
4126 30 
4127 30 
4128 30 
4129 29 
4130 30 
4131 30 
4132 29 
4133 29 
4134 30 
4135 29 
4136 30 
4137 30 
4138 30 
4139 30 
4140 30 
4141 30 
4142 30 
4143 29 
4144 29 
4145 29 
4146 28 
4147 30 
4148 30 
4149 29 
4150 29 
4151 26 
4152 30 
4153 30 
4154 30 
4155 29 
4156 27 
4157 30 
4158 30 
4159 29 
4160 29 
4161 30 
4162 30 
4163 29 
4164 29 
4165 30 
4166 30 
4167 30 
4168 30 
4169 30 
4170 28 
4171 30 
4172 30 
4173 29 
4174 30 
4175 29 
4176 28 
4177 30 
4178 28 
4179 28 
4180 30 
4181 30 
4182 30 
4183 30 
4184 30 
4185 29 
4186 30 
4187 29 
4188 29 
4189 30 
4190 29 
4191 30 
4192 29 
4193 29 
4194 29 
4195 30 
4196 30 
4197 29 
4198 29 
4199 29 
4200 30 
4201 29 
4202 30 
4203 29 
4204 29 
4205 30 
4206 30 
4207 27 
4208 29 
4209 30 
4210 30 
4211 30 
4212 29 
4213 30 
4214 30 
4215 29 
4216 30 
4217 29 
4218 30 
4219 30 
4220 30 
4221 30 
4222 29 
4223 30 
4224 30 
4225 30 
4226 30 
4227 30 
4228 30 
4229 30 
4230 29 
4231 30 
4232 29 
4233 30 
4234 30 
4235 30 
4236 30 
4237 30 
4238 30 
4239 29 
4240 29 
4241 30 
4242 28 
4243 29 
4244 30 
4245 30 
4246 30 
4247 29 
4248 28 
4249 30 
4250 30 
4251 28 
4252 30 
4253 28 
4254 29 
4255 30 
4256 30 
4257 30 
4258 30 
4259 29 
4260 30 
4261 30 
4262 30 
4263 29 
4264 30 
4265 29 
4266 30 
4267 30 
4268 29 
4269 29 
4270 30 
4271 29 
4272 28 
4273 29 
4274 29 
4275 30 
4276 29 
4277 30 
4278 30 
4279 30 
4280 30 
4281 29 
4282 30 
4283 30 
4284 30 
4285 28 
4286 30 
4287 30 
4288 28 
4289 30 
4290 30 
4291 28 
4292 28 
4293 30 
4294 30 
4295 30 
4296 30 
4297 28 
4298 30 
4299 29 
4300 29 
4301 29 
4302 30 
4303 30 
4304 30 
4305 30 
4306 30 
4307 30 
4308 30 
4309 28 
4310 29 
4311 29 
4312 30 
4313 30 
4314 29 
4315 30 
4316 29 
4317 30 
4318 30 
4319 30 
4320 29 
4321 30 
4322 30 
4323 30 
4324 29 
4325 30 
4326 30 
4327 30 
4328 30 
4329 30 
4330 29 
4331 30 
4332 30 
4333 30 
4334 29 
4335 30 
4336 30 
4337 30 
4338 29 
4339 30 
4340 30 
4341 30 
4342 29 
4343 29 
4344 30 
4345 30 
4346 29 
4347 30 
4348 30 
4349 30 
4350 30 
4351 30 
4352 29 
4353 29 
4354 30 
4355 29 
4356 30 
4357 30 
4358 30 
4359 30 
4360 29 
4361 30 
4362 30 
4363 29 
4364 30 
4365 29 
4366 29 
4367 30 
4368 30 
4369 29 
4370 29 
4371 29 
4372 29 
4373 30 
4374 28 
4375 30 
4376 30 
4377 29 
4378 30 
4379 29 
4380 30 
4381 30 
4382 29 
4383 29 
4384 30 
4385 30 
4386 29 
4387 30 
4388 30 
4389 30 
4390 30 
4391 30 
4392 30 
4393 30 
4394 30 
4395 30 
4396 30 
4397 30 
4398 30 
4399 29 
4400 30 
4401 30 
4402 30 
4403 30 
4404 30 
4405 30 
4406 29 
4407 30 
4408 30 
4409 28 
4410 30 
4411 30 
4412 30 
4413 26 
4414 29 
4415 30 
4416 29 
4417 30 
4418 29 
4419 28 
4420 30 
4421 30 
4422 29 
4423 29 
4424 29 
4425 30 
4426 30 
4427 29 
4428 30 
4429 30 
4430 27 
4431 30 
4432 30 
4433 29 
4434 27 
4435 28 
4436 29 
4437 29 
4438 30 
4439 30 
4440 30 
4441 29 
4442 28 
4443 30 
4444 29 
4445 30 
4446 29 
4447 30 
4448 30 
4449 30 
4450 30 
4451 30 
4452 30 
4453 30 
4454 30 
4455 30 
4456 29 
4457 30 
4458 30 
4459 30 
4460 29 
4461 30 
4462 30 
4463 29 
4464 30 
4465 30 
4466 29 
4467 30 
4468 30 
4469 29 
4470 30 
4471 29 
4472 30 
4473 30 
4474 30 
4475 27 
4476 28 
4477 29 
4478 30 
4479 30 
4480 29 
4481 30 
4482 27 
4483 30 
4484 30 
4485 30 
4486 29 
4487 29 
4488 30 
4489 30 
4490 30 
4491 30 
4492 30 
4493 30 
4494 30 
4495 30 
4496 30 
4497 30 
4498 30 
4499 30 
4500 30 
4501 30 
4502 28 
4503 30 
4504 30 
4505 29 
4506 30 
4507 30 
4508 30 
4509 30 
4510 30 
4511 29 
4512 29 
4513 30 
4514 30 
4515 29 
4516 28 
4517 29 
4518 30 
4519 30 
4520 28 
4521 29 
4522 29 
4523 30 
4524 29 
4525 27 
4526 30 
4527 30 
4528 29 
4529 30 
4530 29 
4531 30 
4532 30 
4533 30 
4534 30 
4535 30 
4536 30 
4537 30 
4538 30 
4539 30 
4540 30 
4541 30 
4542 28 
4543 30 
4544 29 
4545 30 
4546 30 
4547 30 
4548 30 
4549 30 
4550 30 
4551 30 
4552 30 
4553 30 
4554 29 
4555 30 
4556 29 
4557 30 
4558 29 
4559 30 
4560 30 
4561 30 
4562 30 
4563 30 
4564 30 
4565 29 
4566 30 
4567 30 
4568 30 
4569 28 
4570 30 
4571 30 
4572 30 
4573 29 
4574 30 
4575 30 
4576 30 
4577 30 
4578 30 
4579 30 
4580 30 
4581 30 
4582 30 
4583 30 
4584 29 
4585 30 
4586 29 
4587 29 
4588 29 
4589 29 
4590 30 
4591 30 
4592 30 
4593 29 
4594 30 
4595 30 
4596 30 
4597 30 
4598 29 
4599 30 
4600 30 
4601 30 
4602 29 
4603 27 
4604 30 
4605 30 
4606 29 
4607 30 
4608 30 
4609 30 
4610 30 
4611 30 
4612 29 
4613 29 
4614 30 
4615 30 
4616 30 
4617 30 
4618 30 
4619 29 
4620 30 
4621 30 
4622 29 
4623 30 
4624 30 
4625 30 
4626 30 
4627 30 
4628 29 
4629 29 
4630 29 
4631 29 
4632 28 
4633 30 
4634 29 
4635 30 
4636 30 
4637 29 
4638 29 
4639 30 
4640 30 
4641 30 
4642 29 
4643 29 
4644 30 
4645 30 
4646 30 
4647 30 
4648 30 
4649 30 
4650 30 
4651 28 
4652 29 
4653 29 
4654 30 
4655 29 
4656 30 
4657 30 
4658 29 
4659 29 
4660 29 
4661 30 
4662 29 
4663 30 
4664 30 
4665 30 
4666 30 
4667 30 
4668 29 
4669 30 
4670 29 
4671 27 
4672 30 
4673 30 
4674 30 
4675 30 
4676 30 
4677 30 
4678 30 
4679 30 
4680 29 
4681 30 
4682 29 
4683 29 
4684 29 
4685 30 
4686 30 
4687 29 
4688 30 
4689 30 
4690 28 
4691 30 
4692 30 
4693 29 
4694 30 
4695 29 
4696 30 
4697 30 
4698 30 
4699 30 
4700 29 
4701 28 
4702 30 
4703 29 
4704 30 
4705 29 
4706 29 
4707 29 
4708 30 
4709 30 
4710 30 
4711 29 
4712 29 
4713 29 
4714 30 
4715 30 
4716 30 
4717 29 
4718 29 
4719 30 
4720 29 
4721 30 
4722 30 
4723 29 
4724 29 
4725 30 
4726 30 
4727 29 
4728 30 
4729 30 
4730 30 
4731 30 
4732 30 
4733 30 
4734 30 
4735 30 
4736 28 
4737 30 
4738 30 
4739 30 
4740 29 
4741 29 
4742 29 
4743 29 
4744 30 
4745 30 
4746 30 
4747 29 
4748 29 
4749 30 
4750 29 
4751 30 
4752 30 
4753 29 
4754 30 
4755 30 
4756 30 
4757 30 
4758 30 
4759 30 
4760 30 
4761 30 
4762 30 
4763 30 
4764 30 
4765 29 
4766 29 
4767 29 
4768 30 
4769 29 
4770 30 
4771 30 
4772 29 
4773 30 
4774 28 
4775 29 
4776 29 
4777 29 
4778 29 
4779 29 
4780 30 
4781 29 
4782 29 
4783 30 
4784 28 
4785 30 
4786 30 
4787 29 
4788 29 
4789 29 
4790 30 
4791 30 
4792 30 
4793 30 
4794 28 
4795 30 
4796 29 
4797 30 
4798 30 
4799 30 
4800 30 
4801 30 
4802 30 
4803 29 
4804 30 
4805 30 
4806 30 
4807 29 
4808 29 
4809 30 
4810 30 
4811 30 
4812 30 
4813 30 
4814 30 
4815 30 
4816 30 
4817 30 
4818 30 
4819 30 
4820 30 
4821 30 
4822 30 
4823 30 
4824 30 
4825 29 
4826 29 
4827 30 
4828 29 
4829 30 
4830 30 
4831 30 
4832 30 
4833 30 
4834 29 
4835 29 
4836 30 
4837 30 
4838 29 
4839 30 
4840 30 
4841 30 
4842 30 
4843 28 
4844 29 
4845 29 
4846 29 
4847 29 
4848 30 
4849 30 
4850 30 
4851 30 
4852 30 
4853 30 
4854 30 
4855 30 
4856 30 
4857 30 
4858 29 
4859 30 
4860 29 
4861 29 
4862 30 
4863 29 
4864 29 
4865 30 
4866 29 
4867 29 
4868 29 
4869 30 
4870 30 
4871 29 
4872 29 
4873 30 
4874 30 
4875 29 
4876 30 
4877 27 
4878 30 
4879 30 
4880 30 
4881 30 
4882 29 
4883 30 
4884 30 
4885 29 
4886 29 
4887 28 
4888 29 
4889 30 
4890 29 
4891 30 
4892 29 
4893 29 
4894 29 
4895 29 
4896 29 
4897 30 
4898 30 
4899 30 
4900 30 
4901 29 
4902 29 
4903 29 
4904 29 
4905 30 
4906 30 
4907 30 
4908 29 
4909 29 
4910 30 
4911 30 
4912 29 
4913 29 
4914 30 
4915 30 
4916 30 
4917 28 
4918 30 
4919 28 
4920 30 
4921 30 
4922 29 
4923 28 
4924 30 
4925 30 
4926 29 
4927 30 
4928 30 
4929 28 
4930 29 
4931 28 
4932 29 
4933 28 
4934 28 
4935 30 
4936 30 
4937 28 
4938 30 
4939 30 
4940 30 
4941 30 
4942 30 
4943 30 
4944 30 
4945 29 
4946 30 
4947 30 
4948 29 
4949 30 
4950 30 
4951 29 
4952 30 
4953 30 
4954 30 
4955 29 
4956 30 
4957 30 
4958 30 
4959 29 
4960 30 
4961 30 
4962 30 
4963 30 
4964 30 
4965 30 
4966 27 
4967 30 
4968 29 
4969 30 
4970 29 
4971 30 
4972 30 
4973 30 
4974 29 
4975 29 
4976 30 
4977 30 
4978 29 
4979 29 
4980 30 
4981 30 
4982 30 
4983 30 
4984 30 
4985 30 
4986 29 
4987 30 
4988 30 
4989 30 
4990 30 
4991 30 
4992 29 
4993 30 
4994 30 
4995 30 
4996 29 
4997 29 
4998 30 
4999 30 
5000 28 
5001 30 
5002 30 
5003 30 
5004 29 
5005 29 
5006 29 
5007 29 
5008 29 
5009 29 
5010 30 
5011 30 
5012 29 
5013 29 
5014 29 
5015 29 
5016 29 
5017 30 
5018 29 
5019 30 
5020 30 
5021 30 
5022 30 
5023 30 
5024 30 
5025 30 
5026 30 
5027 28 
5028 29 
5029 30 
5030 29 
5031 30 
5032 29 
5033 30 
5034 30 
5035 30 
5036 29 
5037 29 
5038 30 
5039 29 
5040 28 
5041 30 
5042 29 
5043 29 
5044 30 
5045 30 
5046 30 
5047 30 
5048 30 
5049 29 
5050 30 
5051 30 
5052 30 
5053 30 
5054 30 
5055 29 
5056 30 
5057 30 
5058 30 
5059 30 
5060 30 
5061 30 
5062 30 
5063 30 
5064 30 
5065 30 
5066 30 
5067 30 
5068 29 
5069 30 
5070 30 
5071 30 
5072 30 
5073 30 
5074 30 
5075 30 
5076 30 
5077 30 
5078 28 
5079 30 
5080 29 
5081 30 
5082 30 
5083 29 
5084 29 
5085 30 
5086 30 
5087 30 
5088 30 
5089 30 
5090 30 
5091 30 
5092 30 
5093 30 
5094 30 
5095 30 
5096 29 
5097 30 
5098 30 
5099 29 
5100 29 
5101 30 
5102 29 
5103 30 
5104 30 
5105 30 
5106 29 
5107 28 
5108 30 
5109 29 
5110 29 
5111 30 
5112 30 
5113 30 
5114 30 
5115 29 
5116 29 
5117 30 
5118 30 
5119 29 
5120 30 
5121 30 
5122 29 
5123 29 
5124 30 
5125 30 
5126 30 
5127 30 
5128 30 
5129 30 
5130 30 
5131 29 
5132 30 
5133 30 
5134 29 
5135 29 
5136 30 
5137 30 
5138 30 
5139 30 
5140 30 
5141 29 
5142 30 
5143 28 
5144 29 
5145 30 
5146 29 
5147 28 
5148 30 
5149 30 
5150 29 
5151 29 
5152 30 
5153 30 
5154 30 
5155 29 
5156 30 
5157 29 
5158 29 
5159 29 
5160 30 
5161 30 
5162 30 
5163 29 
5164 30 
5165 29 
5166 30 
5167 29 
5168 29 
5169 30 
5170 29 
5171 28 
5172 30 
5173 30 
5174 30 
5175 30 
5176 30 
5177 30 
5178 30 
5179 28 
5180 29 
5181 30 
5182 30 
5183 30 
5184 29 
5185 30 
5186 30 
5187 28 
5188 30 
5189 28 
5190 29 
5191 29 
5192 30 
5193 29 
5194 30 
5195 30 
5196 30 
5197 29 
5198 29 
5199 29 
5200 29 
5201 29 
5202 30 
5203 30 
5204 28 
5205 30 
5206 26 
5207 30 
5208 28 
5209 30 
5210 30 
5211 30 
5212 29 
5213 30 
5214 30 
5215 30 
5216 30 
5217 30 
5218 30 
5219 30 
5220 30 
5221 28 
5222 28 
5223 30 
5224 30 
5225 30 
5226 30 
5227 30 
5228 30 
5229 30 
5230 27 
5231 29 
5232 29 
5233 29 
5234 30 
5235 29 
5236 30 
5237 29 
5238 30 
5239 29 
5240 29 
5241 30 
5242 30 
5243 29 
5244 30 
5245 29 
5246 29 
5247 30 
5248 30 
5249 30 
5250 28 
5251 29 
5252 30 
5253 30 
5254 29 
5255 30 
5256 30 
5257 30 
5258 28 
5259 30 
5260 29 
5261 29 
5262 30 
5263 29 
5264 28 
5265 30 
5266 29 
5267 30 
5268 29 
5269 30 
5270 29 
5271 30 
5272 29 
5273 29 
5274 29 
5275 28 
5276 29 
5277 30 
5278 30 
5279 28 
5280 30 
5281 30 
5282 30 
5283 30 
5284 29 
5285 30 
5286 30 
5287 29 
5288 30 
5289 29 
5290 28 
5291 28 
5292 29 
5293 29 
5294 29 
5295 30 
5296 30 
5297 28 
5298 29 
5299 30 
5300 30 
5301 30 
5302 30 
5303 30 
5304 30 
5305 29 
5306 28 
5307 30 
5308 30 
5309 30 
5310 29 
5311 29 
5312 29 
5313 30 
5314 30 
5315 30 
5316 29 
5317 30 
5318 30 
5319 27 
5320 30 
5321 30 
5322 30 
5323 30 
5324 30 
5325 30 
5326 30 
5327 29 
5328 29 
5329 27 
5330 30 
5331 28 
5332 30 
5333 30 
5334 30 
5335 29 
5336 30 
5337 29 
5338 30 
5339 30 
5340 30 
5341 30 
5342 29 
5343 30 
5344 30 
5345 30 
5346 28 
5347 29 
5348 30 
5349 30 
5350 29 
5351 29 
5352 30 
5353 30 
5354 29 
5355 29 
5356 29 
5357 30 
5358 30 
5359 28 
5360 29 
5361 30 
5362 30 
5363 30 
5364 28 
5365 30 
5366 30 
5367 30 
5368 29 
5369 28 
5370 29 
5371 30 
5372 30 
5373 30 
5374 30 
5375 29 
5376 29 
5377 30 
5378 29 
5379 30 
5380 29 
5381 30 
5382 28 
5383 29 
5384 30 
5385 30 
5386 29 
5387 29 
5388 29 
5389 29 
5390 30 
5391 28 
5392 29 
5393 29 
5394 30 
5395 29 
5396 30 
5397 30 
5398 30 
5399 30 
5400 29 
5401 29 
5402 29 
5403 29 
5404 29 
5405 29 
5406 30 
5407 29 
5408 29 
5409 29 
5410 28 
5411 30 
5412 28 
5413 28 
5414 30 
5415 28 
5416 30 
5417 30 
5418 30 
5419 30 
5420 28 
5421 29 
5422 29 
5423 30 
5424 30 
5425 30 
5426 29 
5427 29 
5428 29 
5429 30 
5430 30 
5431 30 
5432 29 
5433 29 
5434 29 
5435 30 
5436 30 
5437 30 
5438 30 
5439 29 
5440 30 
5441 29 
5442 30 
5443 30 
5444 30 
5445 29 
5446 29 
5447 30 
5448 30 
5449 30 
5450 29 
5451 29 
5452 29 
5453 30 
5454 29 
5455 29 
5456 30 
5457 29 
5458 30 
5459 30 
5460 29 
5461 29 
5462 30 
5463 30 
5464 29 
5465 28 
5466 29 
5467 30 
5468 30 
5469 30 
5470 28 
5471 30 
5472 30 
5473 30 
5474 30 
5475 29 
5476 28 
5477 29 
5478 29 
5479 30 
5480 30 
5481 30 
5482 29 
5483 29 
5484 30 
5485 30 
5486 30 
5487 29 
5488 30 
5489 30 
5490 28 
5491 30 
5492 30 
5493 30 
5494 28 
5495 29 
5496 29 
5497 30 
5498 29 
5499 30 
5500 30 
5501 30 
5502 30 
5503 29 
5504 30 
5505 29 
5506 29 
5507 30 
5508 29 
5509 30 
5510 30 
5511 29 
5512 29 
5513 30 
5514 29 
5515 30 
5516 29 
5517 30 
5518 29 
5519 30 
5520 30 
5521 29 
5522 30 
5523 29 
5524 30 
5525 30 
5526 29 
5527 29 
5528 29 
5529 30 
5530 29 
5531 30 
5532 30 
5533 30 
5534 30 
5535 29 
5536 30 
5537 30 
5538 30 
5539 29 
5540 30 
5541 29 
5542 30 
5543 29 
5544 30 
5545 28 
5546 29 
5547 29 
5548 30 
5549 30 
5550 29 
5551 29 
5552 30 
5553 30 
5554 30 
5555 30 
5556 30 
5557 30 
5558 30 
5559 26 
5560 30 
5561 30 
5562 29 
5563 29 
5564 29 
5565 30 
5566 30 
5567 29 
5568 30 
5569 30 
5570 30 
5571 28 
5572 30 
5573 30 
5574 30 
5575 30 
5576 29 
5577 30 
5578 30 
5579 29 
5580 29 
5581 30 
5582 30 
5583 30 
5584 30 
5585 29 
5586 30 
5587 29 
5588 30 
5589 30 
5590 30 
5591 30 
5592 29 
5593 29 
5594 30 
5595 30 
5596 29 
5597 30 
5598 30 
5599 28 
5600 30 
5601 30 
5602 29 
5603 28 
5604 30 
5605 29 
5606 30 
5607 29 
5608 30 
5609 29 
5610 30 
5611 29 
5612 30 
5613 29 
5614 30 
5615 30 
5616 29 
5617 28 
5618 30 
5619 30 
5620 29 
5621 29 
5622 30 
5623 30 
5624 30 
5625 30 
5626 29 
5627 30 
5628 29 
5629 30 
5630 29 
5631 30 
5632 30 
5633 30 
5634 30 
5635 26 
5636 30 
5637 30 
5638 29 
5639 30 
5640 30 
5641 30 
5642 30 
5643 29 
5644 30 
5645 30 
5646 30 
5647 30 
5648 28 
5649 28 
5650 30 
5651 29 
5652 30 
5653 28 
5654 29 
5655 28 
5656 30 
5657 29 
5658 30 
5659 30 
5660 29 
5661 29 
5662 29 
5663 30 
5664 30 
5665 30 
5666 30 
5667 30 
5668 30 
5669 28 
5670 29 
5671 29 
5672 29 
5673 30 
5674 29 
5675 30 
5676 29 
5677 30 
5678 29 
5679 30 
5680 29 
5681 29 
5682 29 
5683 30 
5684 28 
5685 30 
5686 30 
5687 29 
5688 30 
5689 29 
5690 30 
5691 30 
5692 29 
5693 30 
5694 30 
5695 30 
5696 30 
5697 30 
5698 30 
5699 30 
5700 30 
5701 30 
5702 28 
5703 29 
5704 30 
5705 30 
5706 30 
5707 30 
5708 30 
5709 30 
5710 30 
5711 27 
5712 29 
5713 29 
5714 30 
5715 28 
5716 30 
5717 30 
5718 30 
5719 30 
5720 30 
5721 30 
5722 30 
5723 30 
5724 29 
5725 30 
5726 30 
5727 30 
5728 29 
5729 29 
5730 30 
5731 30 
5732 30 
5733 28 
5734 30 
5735 29 
5736 30 
5737 30 
5738 30 
5739 30 
5740 30 
5741 30 
5742 30 
5743 29 
5744 30 
5745 29 
5746 27 
5747 30 
5748 30 
5749 30 
5750 28 
5751 29 
5752 29 
5753 30 
5754 28 
5755 30 
5756 30 
5757 30 
5758 29 
5759 29 
5760 27 
5761 27 
5762 29 
5763 30 
5764 30 
5765 29 
5766 28 
5767 27 
5768 30 
5769 30 
5770 30 
5771 30 
5772 30 
5773 29 
5774 30 
5775 30 
5776 28 
5777 30 
5778 30 
5779 30 
5780 30 
5781 29 
5782 28 
5783 30 
5784 29 
5785 30 
5786 28 
5787 30 
5788 30 
5789 28 
5790 30 
5791 30 
5792 29 
5793 30 
5794 30 
5795 30 
5796 30 
5797 29 
5798 28 
5799 30 
5800 29 
5801 29 
5802 29 
5803 29 
5804 30 
5805 30 
5806 30 
5807 30 
5808 30 
5809 29 
5810 30 
5811 30 
5812 30 
5813 30 
5814 30 
5815 30 
5816 29 
5817 30 
5818 30 
5819 30 
5820 29 
5821 30 
5822 30 
5823 30 
5824 29 
5825 30 
5826 30 
5827 29 
5828 30 
5829 30 
5830 29 
5831 30 
5832 28 
5833 29 
5834 30 
5835 27 
5836 29 
5837 29 
5838 30 
5839 29 
5840 30 
5841 30 
5842 30 
5843 29 
5844 30 
5845 30 
5846 29 
5847 29 
5848 30 
5849 30 
5850 30 
5851 30 
5852 30 
5853 30 
5854 29 
5855 29 
5856 30 
5857 30 
5858 29 
5859 29 
5860 30 
5861 30 
5862 30 
5863 27 
5864 30 
5865 29 
5866 29 
5867 30 
5868 30 
5869 30 
5870 30 
5871 30 
5872 30 
5873 30 
5874 30 
5875 30 
5876 30 
5877 30 
5878 30 
5879 30 
5880 30 
5881 30 
5882 29 
5883 30 
5884 30 
5885 29 
5886 30 
5887 29 
5888 30 
5889 29 
5890 30 
5891 30 
5892 30 
5893 30 
5894 29 
5895 30 
5896 29 
5897 30 
5898 29 
5899 30 
5900 29 
5901 30 
5902 30 
5903 30 
5904 29 
5905 28 
5906 29 
5907 30 
5908 29 
5909 28 
5910 30 
5911 29 
5912 30 
5913 30 
5914 29 
5915 30 
5916 29 
5917 30 
5918 29 
5919 30 
5920 30 
5921 30 
5922 30 
5923 29 
5924 30 
5925 29 
5926 30 
5927 29 
5928 29 
5929 30 
5930 30 
5931 30 
5932 30 
5933 28 
5934 30 
5935 29 
5936 29 
5937 30 
5938 30 
5939 29 
5940 30 
5941 29 
5942 27 
5943 29 
5944 30 
5945 29 
5946 30 
5947 30 
5948 30 
5949 29 
5950 30 
5951 29 
5952 30 
5953 29 
5954 30 
5955 30 
5956 28 
5957 29 
5958 30 
5959 30 
5960 28 
5961 30 
5962 30 
5963 30 
5964 30 
5965 29 
5966 30 
5967 30 
5968 29 
5969 30 
5970 30 
5971 30 
5972 29 
5973 30 
5974 30 
5975 28 
5976 30 
5977 30 
5978 29 
5979 30 
5980 29 
5981 30 
5982 30 
5983 29 
5984 30 
5985 30 
5986 30 
5987 30 
5988 29 
5989 30 
5990 30 
5991 29 
5992 30 
5993 30 
5994 30 
5995 29 
5996 30 
5997 30 
5998 30 
5999 30 
6000 30 
6001 30 
6002 30 
6003 30 
6004 30 
6005 30 
6006 30 
6007 30 
6008 29 
6009 29 
6010 30 
6011 26 
6012 30 
6013 30 
6014 30 
6015 30 
6016 30 
6017 30 
6018 29 
6019 30 
6020 29 
6021 29 
6022 30 
6023 30 
6024 30 
6025 30 
6026 30 
6027 28 
6028 30 
6029 30 
6030 30 
6031 30 
6032 28 
6033 30 
6034 29 
6035 29 
6036 30 
6037 30 
6038 30 
6039 30 
6040 30 
6041 30 
6042 29 
6043 30 
6044 29 
6045 30 
6046 28 
6047 30 
6048 30 
6049 30 
6050 29 
6051 29 
6052 30 
6053 30 
6054 29 
6055 29 
6056 30 
6057 29 
6058 29 
6059 29 
6060 30 
6061 29 
6062 29 
6063 29 
6064 29 
6065 30 
6066 29 
6067 28 
6068 29 
6069 28 
6070 29 
6071 30 
6072 29 
6073 30 
6074 29 
6075 29 
6076 29 
6077 30 
6078 30 
6079 29 
6080 30 
6081 30 
6082 29 
6083 30 
6084 29 
6085 30 
6086 30 
6087 29 
6088 30 
6089 27 
6090 30 
6091 30 
6092 30 
6093 28 
6094 30 
6095 30 
6096 30 
6097 29 
6098 30 
6099 29 
6100 30 
6101 30 
6102 30 
6103 29 
6104 29 
6105 30 
6106 29 
6107 30 
6108 30 
6109 28 
6110 29 
6111 30 
6112 30 
6113 30 
6114 30 
6115 30 
6116 29 
6117 29 
6118 30 
6119 29 
6120 30 
6121 30 
6122 29 
6123 29 
6124 30 
6125 30 
6126 30 
6127 30 
6128 30 
6129 29 
6130 30 
6131 30 
6132 29 
6133 30 
6134 29 
6135 29 
6136 28 
6137 30 
6138 29 
6139 29 
6140 29 
6141 28 
6142 29 
6143 29 
6144 30 
6145 30 
6146 30 
6147 28 
6148 30 
6149 30 
6150 30 
6151 29 
6152 30 
6153 30 
6154 30 
6155 28 
6156 30 
6157 30 
6158 30 
6159 30 
6160 28 
6161 29 
6162 30 
6163 30 
6164 30 
6165 28 
6166 30 
6167 30 
6168 30 
6169 29 
6170 30 
6171 29 
6172 30 
6173 30 
6174 30 
6175 28 
6176 29 
6177 30 
6178 29 
6179 30 
6180 29 
6181 29 
6182 29 
6183 29 
6184 29 
6185 30 
6186 29 
6187 30 
6188 28 
6189 30 
6190 27 
6191 29 
6192 28 
6193 30 
6194 29 
6195 30 
6196 30 
6197 29 
6198 30 
6199 29 
6200 30 
6201 30 
6202 30 
6203 30 
6204 30 
6205 29 
6206 29 
6207 28 
6208 30 
6209 29 
6210 29 
6211 30 
6212 29 
6213 30 
6214 30 
6215 30 
6216 30 
6217 30 
6218 30 
6219 30 
6220 30 
6221 30 
6222 30 
6223 28 
6224 30 
6225 29 
6226 29 
6227 30 
6228 29 
6229 29 
6230 29 
6231 30 
6232 29 
6233 30 
6234 30 
6235 30 
6236 27 
6237 28 
6238 28 
6239 29 
6240 30 
6241 30 
6242 29 
6243 30 
6244 30 
6245 30 
6246 29 
6247 30 
6248 30 
6249 28 
6250 29 
6251 29 
6252 30 
6253 30 
6254 29 
6255 30 
6256 30 
6257 28 
6258 30 
6259 30 
6260 30 
6261 28 
6262 30 
6263 30 
6264 29 
6265 30 
6266 30 
6267 30 
6268 29 
6269 30 
6270 29 
6271 28 
6272 30 
6273 29 
6274 29 
6275 30 
6276 30 
6277 30 
6278 29 
6279 30 
6280 30 
6281 28 
6282 30 
6283 29 
6284 30 
6285 30 
6286 29 
6287 30 
6288 30 
6289 30 
6290 29 
6291 30 
6292 29 
6293 27 
6294 30 
6295 30 
6296 29 
6297 30 
6298 30 
6299 29 
6300 28 
6301 30 
6302 29 
6303 30 
6304 29 
6305 30 
6306 29 
6307 29 
6308 30 
6309 30 
6310 29 
6311 30 
6312 30 
6313 30 
6314 30 
6315 30 
6316 29 
6317 30 
6318 29 
6319 29 
6320 29 
6321 30 
6322 29 
6323 30 
6324 30 
6325 30 
6326 30 
6327 30 
6328 30 
6329 29 
6330 29 
6331 28 
6332 30 
6333 30 
6334 30 
6335 30 
6336 30 
6337 30 
6338 29 
6339 30 
6340 30 
6341 30 
6342 30 
6343 30 
6344 29 
6345 30 
6346 29 
6347 30 
6348 28 
6349 29 
6350 30 
6351 30 
6352 30 
6353 30 
6354 30 
6355 30 
6356 29 
6357 30 
6358 30 
6359 30 
6360 29 
6361 30 
6362 30 
6363 30 
6364 30 
6365 30 
6366 29 
6367 30 
6368 30 
6369 29 
6370 30 
6371 29 
6372 30 
6373 30 
6374 29 
6375 30 
6376 29 
6377 29 
6378 29 
6379 30 
6380 30 
6381 30 
6382 29 
6383 30 
6384 29 
6385 27 
6386 30 
6387 30 
6388 29 
6389 30 
6390 29 
6391 29 
6392 29 
6393 30 
6394 30 
6395 30 
6396 30 
6397 30 
6398 28 
6399 30 
6400 28 
6401 30 
6402 30 
6403 30 
6404 30 
6405 30 
6406 30 
6407 30 
6408 30 
6409 29 
6410 30 
6411 30 
6412 30 
6413 30 
6414 30 
6415 25 
6416 30 
6417 30 
6418 30 
6419 30 
6420 28 
6421 30 
6422 30 
6423 28 
6424 30 
6425 30 
6426 30 
6427 29 
6428 30 
6429 30 
6430 30 
6431 29 
6432 30 
6433 29 
6434 29 
6435 30 
6436 30 
6437 30 
6438 30 
6439 30 
6440 29 
6441 29 
6442 29 
6443 30 
6444 29 
6445 30 
6446 30 
6447 30 
6448 30 
6449 29 
6450 30 
6451 30 
6452 30 
6453 29 
6454 29 
6455 30 
6456 30 
6457 29 
6458 30 
6459 29 
6460 29 
6461 29 
6462 30 
6463 30 
6464 28 
6465 30 
6466 29 
6467 29 
6468 29 
6469 30 
6470 30 
6471 30 
6472 30 
6473 30 
6474 30 
6475 29 
6476 30 
6477 30 
6478 30 
6479 30 
6480 30 
6481 30 
6482 30 
6483 29 
6484 29 
6485 30 
6486 30 
6487 29 
6488 28 
6489 30 
6490 30 
6491 30 
6492 28 
6493 30 
6494 29 
6495 30 
6496 28 
6497 30 
6498 30 
6499 30 
6500 29 
6501 29 
6502 29 
6503 30 
6504 30 
6505 30 
6506 30 
6507 29 
6508 29 
6509 30 
6510 30 
6511 30 
6512 29 
6513 30 
6514 30 
6515 29 
6516 29 
6517 29 
6518 30 
6519 30 
6520 30 
6521 29 
6522 30 
6523 30 
6524 30 
6525 30 
6526 29 
6527 30 
6528 30 
6529 29 
6530 29 
6531 30 
6532 30 
6533 29 
6534 28 
6535 29 
6536 30 
6537 28 
6538 29 
6539 30 
6540 30 
6541 29 
6542 29 
6543 30 
6544 30 
6545 30 
6546 30 
6547 27 
6548 30 
6549 30 
6550 29 
6551 29 
6552 29 
6553 30 
6554 29 
6555 30 
6556 30 
6557 29 
6558 30 
6559 29 
6560 30 
6561 29 
6562 29 
6563 30 
6564 30 
6565 29 
6566 28 
6567 30 
6568 29 
6569 30 
6570 30 
6571 30 
6572 30 
6573 29 
6574 28 
6575 30 
6576 30 
6577 30 
6578 27 
6579 30 
6580 30 
6581 30 
6582 30 
6583 29 
6584 29 
6585 29 
6586 30 
6587 30 
6588 30 
6589 30 
6590 29 
6591 30 
6592 29 
6593 29 
6594 30 
6595 30 
6596 30 
6597 30 
6598 29 
6599 29 
6600 29 
6601 30 
6602 29 
6603 28 
6604 30 
6605 29 
6606 30 
6607 29 
6608 28 
6609 30 
6610 30 
6611 30 
6612 29 
6613 30 
6614 29 
6615 30 
6616 29 
6617 30 
6618 29 
6619 29 
6620 30 
6621 29 
6622 30 
6623 28 
6624 29 
6625 29 
6626 30 
6627 30 
6628 30 
6629 29 
6630 29 
6631 28 
6632 28 
6633 29 
6634 30 
6635 28 
6636 30 
6637 29 
6638 30 
6639 30 
6640 28 
6641 30 
6642 30 
6643 30 
6644 30 
6645 30 
6646 30 
6647 30 
6648 30 
6649 29 
6650 30 
6651 30 
6652 30 
6653 30 
6654 30 
6655 29 
6656 30 
6657 27 
6658 29 
6659 30 
6660 30 
6661 30 
6662 30 
6663 30 
6664 30 
6665 28 
6666 30 
6667 30 
6668 30 
6669 30 
6670 29 
6671 30 
6672 28 
6673 30 
6674 30 
6675 29 
6676 29 
6677 30 
6678 29 
6679 30 
6680 29 
6681 30 
6682 30 
6683 30 
6684 30 
6685 30 
6686 30 
6687 29 
6688 30 
6689 30 
6690 29 
6691 30 
6692 29 
6693 30 
6694 30 
6695 29 
6696 30 
6697 28 
6698 30 
6699 30 
6700 30 
6701 29 
6702 29 
6703 30 
6704 30 
6705 30 
6706 30 
6707 30 
6708 30 
6709 29 
6710 30 
6711 30 
6712 29 
6713 30 
6714 28 
6715 30 
6716 29 
6717 30 
6718 28 
6719 29 
6720 28 
6721 30 
6722 29 
6723 29 
6724 30 
6725 30 
6726 30 
6727 30 
6728 30 
6729 30 
6730 29 
6731 30 
6732 30 
6733 29 
6734 30 
6735 29 
6736 30 
6737 30 
6738 29 
6739 29 
6740 29 
6741 30 
6742 30 
6743 29 
6744 28 
6745 30 
6746 30 
6747 28 
6748 30 
6749 29 
6750 30 
6751 28 
6752 30 
6753 30 
6754 29 
6755 30 
6756 29 
6757 30 
6758 29 
6759 29 
6760 29 
6761 30 
6762 30 
6763 29 
6764 29 
6765 29 
6766 29 
6767 30 
6768 30 
6769 29 
6770 30 
6771 29 
6772 30 
6773 29 
6774 30 
6775 29 
6776 30 
6777 30 
6778 28 
6779 30 
6780 30 
6781 30 
6782 30 
6783 28 
6784 30 
6785 29 
6786 29 
6787 29 
6788 29 
6789 30 
6790 29 
6791 30 
6792 29 
6793 30 
6794 29 
6795 30 
6796 30 
6797 30 
6798 29 
6799 30 
6800 30 
6801 29 
6802 30 
6803 29 
6804 30 
6805 30 
6806 30 
6807 30 
6808 29 
6809 30 
6810 29 
6811 30 
6812 28 
6813 30 
6814 28 
6815 29 
6816 30 
6817 28 
6818 29 
6819 30 
6820 29 
6821 29 
6822 29 
6823 30 
6824 29 
6825 30 
6826 29 
6827 29 
6828 30 
6829 30 
6830 29 
6831 30 
6832 30 
6833 29 
6834 28 
6835 30 
6836 29 
6837 30 
6838 29 
6839 30 
6840 30 
6841 30 
6842 30 
6843 30 
6844 30 
6845 30 
6846 30 
6847 29 
6848 30 
6849 28 
6850 30 
6851 30 
6852 30 
6853 29 
6854 30 
6855 30 
6856 30 
6857 28 
6858 30 
6859 30 
6860 28 
6861 30 
6862 29 
6863 30 
6864 29 
6865 30 
6866 30 
6867 30 
6868 28 
6869 30 
6870 30 
6871 30 
6872 30 
6873 29 
6874 30 
6875 29 
6876 28 
6877 30 
6878 30 
6879 30 
6880 29 
6881 30 
6882 30 
6883 29 
6884 28 
6885 30 
6886 30 
6887 29 
6888 29 
6889 30 
6890 29 
6891 29 
6892 30 
6893 29 
6894 30 
6895 30 
6896 29 
6897 29 
6898 28 
6899 29 
6900 30 
6901 29 
6902 30 
6903 30 
6904 30 
6905 29 
6906 30 
6907 30 
6908 30 
6909 30 
6910 29 
6911 27 
6912 28 
6913 30 
6914 30 
6915 30 
6916 30 
6917 30 
6918 29 
6919 30 
6920 30 
6921 29 
6922 30 
6923 30 
6924 30 
6925 29 
6926 30 
6927 30 
6928 30 
6929 30 
6930 29 
6931 29 
6932 30 
6933 30 
6934 30 
6935 30 
6936 29 
6937 30 
6938 30 
6939 30 
6940 30 
6941 29 
6942 29 
6943 29 
6944 30 
6945 30 
6946 29 
6947 30 
6948 30 
6949 28 
6950 30 
6951 30 
6952 30 
6953 29 
6954 29 
6955 30 
6956 30 
6957 30 
6958 29 
6959 30 
6960 30 
6961 29 
6962 29 
6963 30 
6964 29 
6965 29 
6966 29 
6967 30 
6968 30 
6969 28 
6970 29 
6971 29 
6972 30 
6973 29 
6974 29 
6975 28 
6976 28 
6977 29 
6978 29 
6979 30 
6980 30 
6981 30 
6982 28 
6983 29 
6984 30 
6985 28 
6986 30 
6987 30 
6988 30 
6989 30 
6990 30 
6991 30 
6992 29 
6993 30 
6994 29 
6995 30 
6996 30 
6997 30 
6998 29 
6999 30 
7000 29 
7001 30 
7002 28 
7003 30 
7004 29 
7005 29 
7006 30 
7007 30 
7008 29 
7009 30 
7010 30 
7011 30 
7012 30 
7013 30 
7014 29 
7015 29 
7016 28 
7017 30 
7018 30 
7019 29 
7020 29 
7021 30 
7022 30 
7023 30 
7024 30 
7025 28 
7026 30 
7027 29 
7028 30 
7029 29 
7030 30 
7031 30 
7032 30 
7033 29 
7034 29 
7035 30 
7036 28 
7037 30 
7038 29 
7039 30 
7040 29 
7041 30 
7042 30 
7043 30 
7044 30 
7045 28 
7046 30 
7047 30 
7048 30 
7049 30 
7050 30 
7051 30 
7052 30 
7053 28 
7054 29 
7055 30 
7056 30 
7057 30 
7058 30 
7059 30 
7060 30 
7061 30 
7062 30 
7063 30 
7064 30 
7065 28 
7066 29 
7067 30 
7068 30 
7069 29 
7070 28 
7071 30 
7072 30 
7073 29 
7074 30 
7075 30 
7076 30 
7077 30 
7078 30 
7079 30 
7080 30 
7081 30 
7082 30 
7083 30 
7084 29 
7085 30 
7086 30 
7087 30 
7088 29 
7089 29 
7090 30 
7091 28 
7092 29 
7093 30 
7094 29 
7095 29 
7096 30 
7097 30 
7098 29 
7099 30 
7100 30 
7101 30 
7102 29 
7103 30 
7104 30 
7105 30 
7106 30 
7107 30 
7108 30 
7109 30 
7110 30 
7111 30 
7112 29 
7113 30 
7114 30 
7115 30 
7116 30 
7117 30 
7118 29 
7119 30 
7120 30 
7121 30 
7122 30 
7123 29 
7124 30 
7125 28 
7126 29 
7127 30 
7128 30 
7129 30 
7130 29 
7131 30 
7132 30 
7133 29 
7134 29 
7135 28 
7136 28 
7137 30 
7138 29 
7139 30 
7140 29 
7141 30 
7142 29 
7143 30 
7144 29 
7145 29 
7146 29 
7147 30 
7148 29 
7149 30 
7150 30 
7151 30 
7152 29 
7153 29 
7154 29 
7155 29 
7156 30 
7157 30 
7158 30 
7159 29 
7160 30 
7161 28 
7162 29 
7163 29 
7164 29 
7165 28 
7166 29 
7167 30 
7168 30 
7169 30 
7170 30 
7171 30 
7172 30 
7173 29 
7174 30 
7175 30 
7176 30 
7177 30 
7178 29 
7179 30 
7180 29 
7181 30 
7182 30 
7183 28 
7184 30 
7185 28 
7186 29 
7187 30 
7188 30 
7189 30 
7190 30 
7191 30 
7192 29 
7193 30 
7194 29 
7195 29 
7196 29 
7197 30 
7198 30 
7199 30 
7200 30 
7201 29 
7202 30 
7203 30 
7204 30 
7205 30 
7206 29 
7207 30 
7208 30 
7209 30 
7210 30 
7211 30 
7212 30 
7213 29 
7214 30 
7215 29 
7216 30 
7217 29 
7218 29 
7219 30 
7220 30 
7221 29 
7222 30 
7223 29 
7224 30 
7225 30 
7226 30 
7227 29 
7228 30 
7229 29 
7230 30 
7231 29 
7232 30 
7233 30 
7234 30 
7235 29 
7236 30 
7237 29 
7238 30 
7239 30 
7240 30 
7241 29 
7242 30 
7243 30 
7244 30 
7245 29 
7246 30 
7247 30 
7248 30 
7249 30 
7250 30 
7251 29 
7252 30 
7253 30 
7254 29 
7255 29 
7256 30 
7257 30 
7258 30 
7259 30 
7260 30 
7261 30 
7262 30 
7263 29 
7264 30 
7265 29 
7266 30 
7267 30 
7268 28 
7269 30 
7270 30 
7271 28 
7272 29 
7273 30 
7274 30 
7275 30 
7276 30 
7277 30 
7278 30 
7279 30 
7280 30 
7281 30 
7282 29 
7283 30 
7284 30 
7285 30 
7286 29 
7287 30 
7288 30 
7289 30 
7290 30 
7291 30 
7292 30 
7293 29 
7294 28 
7295 30 
7296 30 
7297 29 
7298 28 
7299 30 
7300 30 
7301 30 
7302 30 
7303 30 
7304 29 
7305 30 
7306 29 
7307 30 
7308 30 
7309 30 
7310 30 
7311 30 
7312 28 
7313 30 
7314 29 
7315 30 
7316 28 
7317 28 
7318 29 
7319 29 
7320 30 
7321 30 
7322 30 
7323 30 
7324 30 
7325 30 
7326 29 
7327 30 
7328 28 
7329 30 
7330 29 
7331 30 
7332 30 
7333 30 
7334 30 
7335 28 
7336 30 
7337 30 
7338 29 
7339 29 
7340 29 
7341 29 
7342 30 
7343 30 
7344 30 
7345 29 
7346 29 
7347 28 
7348 30 
7349 27 
7350 30 
7351 29 
7352 30 
7353 30 
7354 28 
7355 30 
7356 30 
7357 29 
7358 30 
7359 30 
7360 30 
7361 30 
7362 30 
7363 30 
7364 29 
7365 29 
7366 30 
7367 30 
7368 29 
7369 29 
7370 30 
7371 30 
7372 29 
7373 30 
7374 29 
7375 29 
7376 30 
7377 30 
7378 30 
7379 30 
7380 30 
7381 30 
7382 29 
7383 29 
7384 30 
7385 30 
7386 29 
7387 30 
7388 30 
7389 30 
7390 30 
7391 29 
7392 30 
7393 29 
7394 29 
7395 30 
7396 30 
7397 30 
7398 28 
7399 30 
7400 30 
7401 29 
7402 30 
7403 29 
7404 29 
7405 30 
7406 28 
7407 30 
7408 30 
7409 30 
7410 30 
7411 29 
7412 28 
7413 28 
7414 30 
7415 30 
7416 29 
7417 29 
7418 30 
7419 30 
7420 30 
7421 30 
7422 30 
7423 30 
7424 30 
7425 30 
7426 29 
7427 28 
7428 29 
7429 30 
7430 30 
7431 29 
7432 30 
7433 30 
7434 29 
7435 29 
7436 28 
7437 30 
7438 30 
7439 29 
7440 29 
7441 29 
7442 30 
7443 28 
7444 29 
7445 28 
7446 29 
7447 29 
7448 29 
7449 29 
7450 29 
7451 30 
7452 30 
7453 30 
7454 30 
7455 30 
7456 30 
7457 30 
7458 30 
7459 29 
7460 30 
7461 29 
7462 30 
7463 30 
7464 30 
7465 30 
7466 30 
7467 29 
7468 30 
7469 30 
7470 30 
7471 29 
7472 30 
7473 30 
7474 30 
7475 29 
7476 28 
7477 29 
7478 29 
7479 30 
7480 28 
7481 30 
7482 30 
7483 29 
7484 30 
7485 29 
7486 30 
7487 30 
7488 28 
7489 30 
7490 30 
7491 30 
7492 30 
7493 30 
7494 29 
7495 30 
7496 30 
7497 30 
7498 30 
7499 30 
7500 28 
7501 29 
7502 30 
7503 29 
7504 30 
7505 30 
7506 29 
7507 27 
7508 29 
7509 30 
7510 29 
7511 28 
7512 28 
7513 30 
7514 29 
7515 30 
7516 30 
7517 28 
7518 28 
7519 27 
7520 30 
7521 30 
7522 28 
7523 30 
7524 30 
7525 30 
7526 29 
7527 30 
7528 30 
7529 29 
7530 29 
7531 30 
7532 29 
7533 30 
7534 29 
7535 30 
7536 30 
7537 30 
7538 30 
7539 30 
7540 30 
7541 30 
7542 30 
7543 29 
7544 30 
7545 30 
7546 30 
7547 29 
7548 28 
7549 30 
7550 30 
7551 30 
7552 30 
7553 29 
7554 30 
7555 30 
7556 29 
7557 30 
7558 30 
7559 29 
7560 30 
7561 30 
7562 30 
7563 30 
7564 30 
7565 28 
7566 29 
7567 30 
7568 30 
7569 30 
7570 30 
7571 29 
7572 28 
7573 30 
7574 30 
7575 29 
7576 30 
7577 29 
7578 30 
7579 30 
7580 30 
7581 30 
7582 29 
7583 30 
7584 30 
7585 29 
7586 30 
7587 29 
7588 30 
7589 29 
7590 29 
7591 30 
7592 30 
7593 30 
7594 30 
7595 29 
7596 30 
7597 30 
7598 29 
7599 29 
7600 30 
7601 29 
7602 30 
7603 28 
7604 30 
7605 29 
7606 29 
7607 30 
7608 30 
7609 29 
7610 29 
7611 28 
7612 29 
7613 30 
7614 29 
7615 29 
7616 28 
7617 28 
7618 30 
7619 28 
7620 28 
7621 30 
7622 30 
7623 29 
7624 30 
7625 30 
7626 30 
7627 29 
7628 30 
7629 30 
7630 29 
7631 30 
7632 30 
7633 30 
7634 30 
7635 28 
7636 30 
7637 28 
7638 30 
7639 30 
7640 30 
7641 30 
7642 28 
7643 28 
7644 30 
7645 30 
7646 30 
7647 30 
7648 28 
7649 28 
7650 30 
7651 30 
7652 30 
7653 30 
7654 30 
7655 30 
7656 30 
7657 30 
7658 30 
7659 30 
7660 29 
7661 30 
7662 30 
7663 29 
7664 29 
7665 30 
7666 29 
7667 30 
7668 30 
7669 30 
7670 30 
7671 29 
7672 30 
7673 30 
7674 30 
7675 30 
7676 29 
7677 28 
7678 29 
7679 28 
7680 30 
7681 30 
7682 29 
7683 29 
7684 28 
7685 30 
7686 28 
7687 30 
7688 29 
7689 30 
7690 30 
7691 30 
7692 30 
7693 30 
7694 29 
7695 30 
7696 29 
7697 29 
7698 29 
7699 29 
7700 28 
7701 30 
7702 30 
7703 29 
7704 27 
7705 28 
7706 30 
7707 30 
7708 30 
7709 30 
7710 29 
7711 30 
7712 28 
7713 29 
7714 30 
7715 30 
7716 29 
7717 29 
7718 30 
7719 30 
7720 30 
7721 30 
7722 29 
7723 29 
7724 29 
7725 30 
7726 30 
7727 28 
7728 29 
7729 30 
7730 29 
7731 30 
7732 30 
7733 29 
7734 29 
7735 30 
7736 30 
7737 30 
7738 30 
7739 29 
7740 30 
7741 30 
7742 29 
7743 30 
7744 29 
7745 30 
7746 29 
7747 28 
7748 30 
7749 28 
7750 29 
7751 30 
7752 30 
7753 30 
7754 30 
7755 29 
7756 29 
7757 30 
7758 29 
7759 30 
7760 30 
7761 30 
7762 29 
7763 30 
7764 29 
7765 29 
7766 30 
7767 30 
7768 30 
7769 30 
7770 30 
7771 30 
7772 29 
7773 29 
7774 28 
7775 30 
7776 28 
7777 30 
7778 28 
7779 29 
7780 30 
7781 30 
7782 29 
7783 30 
7784 30 
7785 30 
7786 30 
7787 30 
7788 29 
7789 30 
7790 30 
7791 29 
7792 29 
7793 30 
7794 29 
7795 30 
7796 29 
7797 29 
7798 30 
7799 30 
7800 30 
7801 29 
7802 30 
7803 30 
7804 30 
7805 29 
7806 29 
7807 30 
7808 29 
7809 28 
7810 28 
7811 30 
7812 30 
7813 30 
7814 30 
7815 30 
7816 28 
7817 30 
7818 30 
7819 29 
7820 28 
7821 30 
7822 30 
7823 30 
7824 29 
7825 30 
7826 29 
7827 29 
7828 30 
7829 30 
7830 30 
7831 29 
7832 28 
7833 30 
7834 30 
7835 30 
7836 29 
7837 30 
7838 30 
7839 28 
7840 29 
7841 30 
7842 30 
7843 29 
7844 29 
7845 30 
7846 29 
7847 29 
7848 30 
7849 30 
7850 30 
7851 30 
7852 30 
7853 30 
7854 30 
7855 30 
7856 29 
7857 30 
7858 29 
7859 30 
7860 30 
7861 30 
7862 30 
7863 29 
7864 29 
7865 30 
7866 30 
7867 29 
7868 30 
7869 29 
7870 30 
7871 30 
7872 30 
7873 30 
7874 29 
7875 27 
7876 30 
7877 30 
7878 30 
7879 29 
7880 29 
7881 29 
7882 29 
7883 30 
7884 30 
7885 30 
7886 30 
7887 30 
7888 30 
7889 30 
7890 29 
7891 30 
7892 30 
7893 29 
7894 27 
7895 28 
7896 29 
7897 28 
7898 29 
7899 30 
7900 30 
7901 29 
7902 30 
7903 30 
7904 30 
7905 30 
7906 29 
7907 29 
7908 30 
7909 29 
7910 30 
7911 30 
7912 29 
7913 29 
7914 30 
7915 30 
7916 30 
7917 30 
7918 30 
7919 30 
7920 28 
7921 30 
7922 30 
7923 30 
7924 30 
7925 30 
7926 30 
7927 30 
7928 29 
7929 30 
7930 30 
7931 29 
7932 30 
7933 28 
7934 29 
7935 30 
7936 28 
7937 30 
7938 30 
7939 30 
7940 30 
7941 28 
7942 30 
7943 30 
7944 28 
7945 30 
7946 30 
7947 28 
7948 30 
7949 30 
7950 30 
7951 29 
7952 30 
7953 30 
7954 29 
7955 28 
7956 30 
7957 29 
7958 30 
7959 30 
7960 30 
7961 30 
7962 30 
7963 30 
7964 29 
7965 30 
7966 29 
7967 30 
7968 29 
7969 30 
7970 29 
7971 30 
7972 29 
7973 30 
7974 30 
7975 30 
7976 30 
7977 30 
7978 29 
7979 30 
7980 30 
7981 30 
7982 30 
7983 30 
7984 29 
7985 29 
7986 29 
7987 30 
7988 29 
7989 30 
7990 29 
7991 29 
7992 30 
7993 28 
7994 28 
7995 29 
7996 30 
7997 29 
7998 29 
7999 30 
8000 29 
8001 30 
8002 30 
8003 28 
8004 30 
8005 28 
8006 30 
8007 30 
8008 28 
8009 30 
8010 29 
8011 29 
8012 29 
8013 30 
8014 30 
8015 30 
8016 30 
8017 30 
8018 29 
8019 28 
8020 29 
8021 30 
8022 30 
8023 29 
8024 30 
8025 29 
8026 29 
8027 30 
8028 29 
8029 30 
8030 30 
8031 30 
8032 29 
8033 30 
8034 30 
8035 28 
8036 29 
8037 30 
8038 29 
8039 30 
8040 29 
8041 30 
8042 30 
8043 29 
8044 29 
8045 30 
8046 27 
8047 30 
8048 30 
8049 29 
8050 30 
8051 29 
8052 29 
8053 29 
8054 29 
8055 29 
8056 30 
8057 30 
8058 29 
8059 30 
8060 29 
8061 30 
8062 29 
8063 30 
8064 29 
8065 30 
8066 30 
8067 30 
8068 30 
8069 30 
8070 30 
8071 29 
8072 30 
8073 30 
8074 30 
8075 29 
8076 30 
8077 30 
8078 30 
8079 30 
8080 30 
8081 29 
8082 30 
8083 30 
8084 30 
8085 29 
8086 30 
8087 30 
8088 30 
8089 29 
8090 30 
8091 30 
8092 30 
8093 29 
8094 29 
8095 30 
8096 30 
8097 30 
8098 30 
8099 30 
8100 30 
8101 30 
8102 30 
8103 30 
8104 30 
8105 30 
8106 29 
8107 29 
8108 30 
8109 30 
8110 30 
8111 30 
8112 30 
8113 30 
8114 30 
8115 30 
8116 29 
8117 30 
8118 30 
8119 30 
8120 29 
8121 30 
8122 30 
8123 30 
8124 30 
8125 30 
8126 30 
8127 30 
8128 30 
8129 30 
8130 29 
8131 29 
8132 30 
8133 29 
8134 30 
8135 30 
8136 30 
8137 30 
8138 29 
8139 29 
8140 30 
8141 29 
8142 30 
8143 30 
8144 30 
8145 29 
8146 30 
8147 30 
8148 30 
8149 30 
8150 30 
8151 30 
8152 30 
8153 29 
8154 29 
8155 30 
8156 30 
8157 30 
8158 29 
8159 30 
8160 30 
8161 29 
8162 30 
8163 30 
8164 30 
8165 29 
8166 30 
8167 30 
8168 30 
8169 29 
8170 29 
8171 30 
8172 30 
8173 29 
8174 30 
8175 30 
8176 30 
8177 29 
8178 30 
8179 29 
8180 28 
8181 29 
8182 29 
8183 30 
8184 29 
8185 28 
8186 30 
8187 30 
8188 30 
8189 29 
8190 30 
8191 29 
8192 30 
8193 30 
8194 30 
8195 30 
8196 29 
8197 30 
8198 30 
8199 30 
8200 30 
8201 29 
8202 29 
8203 29 
8204 30 
8205 28 
8206 29 
8207 29 
8208 29 
8209 30 
8210 30 
8211 29 
8212 30 
8213 30 
8214 29 
8215 30 
8216 30 
8217 30 
8218 30 
8219 29 
8220 27 
8221 30 
8222 30 
8223 30 
8224 30 
8225 29 
8226 28 
8227 30 
8228 30 
8229 30 
8230 30 
8231 30 
8232 30 
8233 30 
8234 30 
8235 30 
8236 30 
8237 29 
8238 30 
8239 30 
8240 30 
8241 30 
8242 30 
8243 29 
8244 30 
8245 30 
8246 29 
8247 30 
8248 30 
8249 30 
8250 30 
8251 28 
8252 30 
8253 29 
8254 29 
8255 30 
8256 30 
8257 30 
8258 30 
8259 29 
8260 29 
8261 30 
8262 30 
8263 30 
8264 29 
8265 30 
8266 30 
8267 30 
8268 30 
8269 29 
8270 29 
8271 30 
8272 30 
8273 30 
8274 29 
8275 30 
8276 30 
8277 30 
8278 29 
8279 30 
8280 30 
8281 30 
8282 30 
8283 30 
8284 30 
8285 30 
8286 30 
8287 30 
8288 30 
8289 30 
8290 29 
8291 30 
8292 30 
8293 29 
8294 29 
8295 29 
8296 30 
8297 30 
8298 29 
8299 28 
8300 30 
8301 29 
8302 30 
8303 29 
8304 30 
8305 29 
8306 29 
8307 29 
8308 30 
8309 29 
8310 30 
8311 30 
8312 28 
8313 29 
8314 30 
8315 29 
8316 30 
8317 30 
8318 28 
8319 27 
8320 30 
8321 29 
8322 30 
8323 30 
8324 30 
8325 29 
8326 30 
8327 30 
8328 27 
8329 28 
8330 30 
8331 29 
8332 29 
8333 30 
8334 28 
8335 29 
8336 30 
8337 30 
8338 30 
8339 30 
8340 30 
8341 30 
8342 29 
8343 30 
8344 30 
8345 30 
8346 30 
8347 29 
8348 29 
8349 28 
8350 30 
8351 30 
8352 28 
8353 30 
8354 30 
8355 30 
8356 29 
8357 30 
8358 29 
8359 30 
8360 28 
8361 30 
8362 29 
8363 29 
8364 30 
8365 30 
8366 30 
8367 29 
8368 30 
8369 28 
8370 30 
8371 28 
8372 30 
8373 29 
8374 30 
8375 30 
8376 30 
8377 30 
8378 29 
8379 30 
8380 30 
8381 30 
8382 29 
8383 30 
8384 30 
8385 30 
8386 29 
8387 30 
8388 28 
8389 30 
8390 30 
8391 30 
8392 30 
8393 30 
8394 30 
8395 30 
8396 30 
8397 30 
8398 30 
8399 29 
8400 30 
8401 29 
8402 30 
8403 29 
8404 30 
8405 29 
8406 29 
8407 29 
8408 30 
8409 30 
8410 29 
8411 30 
8412 30 
8413 30 
8414 30 
8415 30 
8416 28 
8417 29 
8418 30 
8419 28 
8420 30 
8421 30 
8422 30 
8423 30 
8424 30 
8425 30 
8426 29 
8427 29 
8428 30 
8429 29 
8430 30 
8431 30 
8432 30 
8433 30 
8434 30 
8435 30 
8436 30 
8437 30 
8438 29 
8439 30 
8440 30 
8441 30 
8442 30 
8443 28 
8444 30 
8445 28 
8446 30 
8447 30 
8448 30 
8449 30 
8450 29 
8451 29 
8452 28 
8453 29 
8454 30 
8455 29 
8456 30 
8457 30 
8458 29 
8459 30 
8460 30 
8461 30 
8462 29 
8463 29 
8464 29 
8465 29 
8466 30 
8467 30 
8468 29 
8469 29 
8470 30 
8471 30 
8472 29 
8473 29 
8474 28 
8475 30 
8476 29 
8477 29 
8478 30 
8479 30 
8480 30 
8481 30 
8482 30 
8483 30 
8484 30 
8485 29 
8486 29 
8487 30 
8488 30 
8489 30 
8490 29 
8491 29 
8492 29 
8493 29 
8494 30 
8495 30 
8496 30 
8497 30 
8498 30 
8499 28 
8500 29 
8501 30 
8502 30 
8503 29 
8504 28 
8505 28 
8506 30 
8507 28 
8508 30 
8509 29 
8510 30 
8511 29 
8512 29 
8513 29 
8514 30 
8515 30 
8516 30 
8517 30 
8518 29 
8519 30 
8520 30 
8521 30 
8522 30 
8523 29 
8524 30 
8525 28 
8526 30 
8527 30 
8528 30 
8529 28 
8530 29 
8531 30 
8532 29 
8533 30 
8534 30 
8535 30 
8536 30 
8537 29 
8538 30 
8539 30 
8540 30 
8541 30 
8542 29 
8543 30 
8544 28 
8545 30 
8546 30 
8547 30 
8548 30 
8549 30 
8550 30 
8551 30 
8552 29 
8553 30 
8554 30 
8555 30 
8556 30 
8557 30 
8558 30 
8559 30 
8560 29 
8561 30 
8562 30 
8563 30 
8564 29 
8565 30 
8566 30 
8567 29 
8568 30 
8569 30 
8570 30 
8571 30 
8572 30 
8573 30 
8574 30 
8575 30 
8576 30 
8577 28 
8578 30 
8579 30 
8580 30 
8581 29 
8582 30 
8583 29 
8584 29 
8585 29 
8586 30 
8587 30 
8588 27 
8589 30 
8590 29 
8591 30 
8592 28 
8593 30 
8594 30 
8595 30 
8596 30 
8597 30 
8598 30 
8599 30 
8600 29 
8601 30 
8602 29 
8603 30 
8604 30 
8605 30 
8606 30 
8607 30 
8608 30 
8609 28 
8610 30 
8611 30 
8612 30 
8613 29 
8614 30 
8615 30 
8616 30 
8617 29 
8618 29 
8619 29 
8620 30 
8621 30 
8622 30 
8623 30 
8624 30 
8625 28 
8626 28 
8627 30 
8628 29 
8629 29 
8630 30 
8631 30 
8632 30 
8633 30 
8634 28 
8635 29 
8636 29 
8637 30 
8638 30 
8639 30 
8640 30 
8641 30 
8642 30 
8643 30 
8644 30 
8645 30 
8646 30 
8647 30 
8648 30 
8649 30 
8650 30 
8651 29 
8652 29 
8653 29 
8654 29 
8655 29 
8656 29 
8657 28 
8658 29 
8659 29 
8660 29 
8661 30 
8662 29 
8663 29 
8664 30 
8665 30 
8666 30 
8667 29 
8668 30 
8669 30 
8670 30 
8671 30 
8672 30 
8673 29 
8674 30 
8675 30 
8676 30 
8677 30 
8678 30 
8679 30 
8680 30 
8681 29 
8682 29 
8683 30 
8684 29 
8685 30 
8686 30 
8687 30 
8688 30 
8689 30 
8690 28 
8691 30 
8692 30 
8693 29 
8694 30 
8695 30 
8696 30 
8697 30 
8698 29 
8699 30 
8700 30 
8701 30 
8702 29 
8703 29 
8704 30 
8705 29 
8706 29 
8707 30 
8708 30 
8709 30 
8710 30 
8711 30 
8712 29 
8713 29 
8714 29 
8715 30 
8716 28 
8717 30 
8718 29 
8719 29 
8720 30 
8721 30 
8722 29 
8723 29 
8724 30 
8725 30 
8726 30 
8727 30 
8728 29 
8729 30 
8730 30 
8731 30 
8732 29 
8733 30 
8734 30 
8735 29 
8736 30 
8737 30 
8738 30 
8739 29 
8740 30 
8741 30 
8742 30 
8743 30 
8744 30 
8745 30 
8746 29 
8747 29 
8748 30 
8749 30 
8750 30 
8751 30 
8752 28 
8753 30 
8754 30 
8755 30 
8756 30 
8757 29 
8758 30 
8759 29 
8760 30 
8761 29 
8762 27 
8763 30 
8764 29 
8765 29 
8766 30 
8767 29 
8768 30 
8769 30 
8770 30 
8771 28 
8772 28 
8773 30 
8774 30 
8775 30 
8776 30 
8777 30 
8778 30 
8779 30 
8780 28 
8781 29 
8782 30 
8783 29 
8784 30 
8785 29 
8786 29 
8787 26 
8788 29 
8789 30 
8790 30 
8791 30 
8792 30 
8793 30 
8794 29 
8795 29 
8796 30 
8797 29 
8798 30 
8799 30 
8800 30 
8801 30 
8802 30 
8803 29 
8804 29 
8805 29 
8806 29 
8807 30 
8808 30 
8809 30 
8810 30 
8811 30 
8812 30 
8813 29 
8814 30 
8815 29 
8816 29 
8817 29 
8818 30 
8819 30 
8820 30 
8821 30 
8822 30 
8823 30 
8824 30 
8825 30 
8826 29 
8827 30 
8828 30 
8829 30 
8830 30 
8831 30 
8832 30 
8833 30 
8834 29 
8835 29 
8836 30 
8837 30 
8838 30 
8839 29 
8840 30 
8841 29 
8842 30 
8843 30 
8844 30 
8845 30 
8846 30 
8847 30 
8848 30 
8849 28 
8850 30 
8851 29 
8852 29 
8853 29 
8854 30 
8855 29 
8856 30 
8857 30 
8858 29 
8859 30 
8860 30 
8861 30 
8862 30 
8863 30 
8864 30 
8865 30 
8866 30 
8867 30 
8868 29 
8869 30 
8870 30 
8871 29 
8872 30 
8873 30 
8874 30 
8875 27 
8876 30 
8877 30 
8878 30 
8879 29 
8880 28 
8881 30 
8882 29 
8883 30 
8884 30 
8885 30 
8886 29 
8887 30 
8888 29 
8889 30 
8890 30 
8891 30 
8892 29 
8893 30 
8894 30 
8895 30 
8896 30 
8897 30 
8898 30 
8899 30 
8900 30 
8901 29 
8902 29 
8903 29 
8904 28 
8905 30 
8906 30 
8907 30 
8908 30 
8909 30 
8910 29 
8911 30 
8912 30 
8913 30 
8914 30 
8915 30 
8916 30 
8917 30 
8918 30 
8919 30 
8920 30 
8921 30 
8922 30 
8923 29 
8924 30 
8925 29 
8926 29 
8927 30 
8928 30 
8929 30 
8930 28 
8931 29 
8932 30 
8933 30 
8934 30 
8935 30 
8936 29 
8937 30 
8938 30 
8939 29 
8940 30 
8941 30 
8942 30 
8943 30 
8944 30 
8945 30 
8946 30 
8947 29 
8948 30 
8949 29 
8950 30 
8951 30 
8952 29 
8953 30 
8954 30 
8955 30 
8956 29 
8957 29 
8958 30 
8959 30 
8960 30 
8961 29 
8962 30 
8963 30 
8964 30 
8965 30 
8966 30 
8967 30 
8968 30 
8969 30 
8970 30 
8971 29 
8972 30 
8973 30 
8974 30 
8975 30 
8976 30 
8977 30 
8978 30 
8979 29 
8980 29 
8981 28 
8982 28 
8983 29 
8984 29 
8985 29 
8986 29 
8987 30 
8988 29 
8989 28 
8990 30 
8991 30 
8992 29 
8993 30 
8994 30 
8995 30 
8996 30 
8997 30 
8998 30 
8999 29 
9000 30 
9001 28 
9002 30 
9003 30 
9004 30 
9005 29 
9006 30 
9007 29 
9008 30 
9009 30 
9010 29 
9011 30 
9012 29 
9013 30 
9014 30 
9015 29 
9016 30 
9017 30 
9018 30 
9019 30 
9020 29 
9021 29 
9022 30 
9023 30 
9024 27 
9025 29 
9026 29 
9027 29 
9028 30 
9029 29 
9030 29 
9031 30 
9032 30 
9033 30 
9034 30 
9035 30 
9036 30 
9037 30 
9038 29 
9039 28 
9040 30 
9041 29 
9042 30 
9043 30 
9044 29 
9045 30 
9046 30 
9047 29 
9048 30 
9049 30 
9050 30 
9051 30 
9052 30 
9053 30 
9054 29 
9055 30 
9056 30 
9057 29 
9058 29 
9059 28 
9060 30 
9061 30 
9062 30 
9063 30 
9064 29 
9065 30 
9066 29 
9067 30 
9068 29 
9069 29 
9070 30 
9071 30 
9072 30 
9073 30 
9074 30 
9075 30 
9076 29 
9077 30 
9078 30 
9079 30 
9080 30 
9081 30 
9082 28 
9083 30 
9084 30 
9085 30 
9086 30 
9087 29 
9088 30 
9089 29 
9090 28 
9091 30 
9092 30 
9093 29 
9094 29 
9095 28 
9096 30 
9097 30 
9098 29 
9099 29 
9100 30 
9101 30 
9102 29 
9103 30 
9104 30 
9105 30 
9106 30 
9107 29 
9108 29 
9109 30 
9110 30 
9111 30 
9112 29 
9113 30 
9114 30 
9115 29 
9116 30 
9117 30 
9118 29 
9119 28 
9120 29 
9121 30 
9122 30 
9123 30 
9124 30 
9125 30 
9126 29 
9127 29 
9128 28 
9129 30 
9130 30 
9131 28 
9132 30 
9133 30 
9134 30 
9135 30 
9136 30 
9137 29 
9138 30 
9139 29 
9140 30 
9141 29 
9142 30 
9143 30 
9144 30 
9145 30 
9146 30 
9147 30 
9148 30 
9149 30 
9150 29 
9151 30 
9152 30 
9153 29 
9154 29 
9155 30 
9156 30 
9157 30 
9158 29 
9159 30 
9160 29 
9161 29 
9162 30 
9163 30 
9164 29 
9165 28 
9166 29 
9167 29 
9168 27 
9169 30 
9170 30 
9171 30 
9172 30 
9173 29 
9174 30 
9175 30 
9176 30 
9177 30 
9178 30 
9179 30 
9180 30 
9181 30 
9182 29 
9183 28 
9184 30 
9185 29 
9186 28 
9187 30 
9188 29 
9189 30 
9190 30 
9191 30 
9192 29 
9193 30 
9194 28 
9195 30 
9196 30 
9197 29 
9198 30 
9199 30 
9200 30 
9201 30 
9202 30 
9203 30 
9204 30 
9205 29 
9206 29 
9207 30 
9208 28 
9209 30 
9210 30 
9211 28 
9212 29 
9213 27 
9214 30 
9215 29 
9216 29 
9217 30 
9218 30 
9219 29 
9220 30 
9221 30 
9222 30 
9223 30 
9224 30 
9225 29 
9226 30 
9227 29 
9228 29 
9229 30 
9230 30 
9231 29 
9232 30 
9233 30 
9234 29 
9235 30 
9236 30 
9237 29 
9238 30 
9239 30 
9240 30 
9241 29 
9242 29 
9243 30 
9244 29 
9245 30 
9246 30 
9247 30 
9248 29 
9249 30 
9250 30 
9251 30 
9252 29 
9253 29 
9254 30 
9255 30 
9256 29 
9257 30 
9258 30 
9259 30 
9260 30 
9261 30 
9262 29 
9263 30 
9264 30 
9265 30 
9266 30 
9267 28 
9268 30 
9269 30 
9270 27 
9271 30 
9272 30 
9273 30 
9274 29 
9275 30 
9276 29 
9277 30 
9278 27 
9279 30 
9280 30 
9281 29 
9282 30 
9283 29 
9284 30 
9285 30 
9286 30 
9287 30 
9288 29 
9289 29 
9290 30 
9291 30 
9292 29 
9293 30 
9294 29 
9295 30 
9296 29 
9297 30 
9298 30 
9299 29 
9300 30 
9301 29 
9302 30 
9303 30 
9304 30 
9305 29 
9306 29 
9307 28 
9308 30 
9309 29 
9310 29 
9311 30 
9312 30 
9313 30 
9314 27 
9315 30 
9316 29 
9317 30 
9318 30 
9319 30 
9320 29 
9321 29 
9322 30 
9323 29 
9324 30 
9325 30 
9326 30 
9327 29 
9328 30 
9329 30 
9330 30 
9331 30 
9332 30 
9333 30 
9334 30 
9335 30 
9336 28 
9337 28 
9338 29 
9339 30 
9340 29 
9341 29 
9342 29 
9343 30 
9344 29 
9345 30 
9346 29 
9347 29 
9348 30 
9349 30 
9350 29 
9351 30 
9352 30 
9353 30 
9354 30 
9355 30 
9356 30 
9357 30 
9358 30 
9359 30 
9360 30 
9361 29 
9362 30 
9363 29 
9364 28 
9365 30 
9366 30 
9367 30 
9368 30 
9369 28 
9370 30 
9371 30 
9372 30 
9373 27 
9374 30 
9375 29 
9376 30 
9377 29 
9378 30 
9379 29 
9380 30 
9381 30 
9382 30 
9383 30 
9384 30 
9385 30 
9386 30 
9387 30 
9388 29 
9389 30 
9390 30 
9391 30 
9392 30 
9393 30 
9394 30 
9395 29 
9396 30 
9397 30 
9398 29 
9399 29 
9400 30 
9401 29 
9402 29 
9403 30 
9404 30 
9405 30 
9406 29 
9407 30 
9408 30 
9409 30 
9410 30 
9411 29 
9412 30 
9413 30 
9414 30 
9415 30 
9416 30 
9417 29 
9418 30 
9419 30 
9420 29 
9421 30 
9422 30 
9423 30 
9424 30 
9425 30 
9426 30 
9427 30 
9428 30 
9429 30 
9430 30 
9431 29 
9432 30 
9433 29 
9434 30 
9435 28 
9436 29 
9437 30 
9438 29 
9439 30 
9440 30 
9441 30 
9442 30 
9443 29 
9444 29 
9445 29 
9446 30 
9447 29 
9448 29 
9449 30 
9450 30 
9451 30 
9452 30 
9453 30 
9454 30 
9455 30 
9456 29 
9457 30 
9458 30 
9459 29 
9460 30 
9461 29 
9462 30 
9463 30 
9464 30 
9465 30 
9466 30 
9467 30 
9468 30 
9469 30 
9470 29 
9471 29 
9472 30 
9473 30 
9474 29 
9475 30 
9476 30 
9477 30 
9478 30 
9479 30 
9480 30 
9481 29 
9482 30 
9483 30 
9484 30 
9485 29 
9486 30 
9487 30 
9488 30 
9489 28 
9490 28 
9491 27 
9492 30 
9493 30 
9494 30 
9495 29 
9496 30 
9497 29 
9498 29 
9499 30 
9500 30 
9501 30 
9502 30 
9503 30 
9504 28 
9505 28 
9506 29 
9507 30 
9508 30 
9509 30 
9510 30 
9511 27 
9512 29 
9513 30 
9514 30 
9515 30 
9516 30 
9517 29 
9518 30 
9519 30 
9520 29 
9521 30 
9522 30 
9523 30 
9524 30 
9525 30 
9526 30 
9527 30 
9528 29 
9529 29 
9530 29 
9531 30 
9532 29 
9533 30 
9534 30 
9535 30 
9536 30 
9537 30 
9538 29 
9539 30 
9540 30 
9541 30 
9542 30 
9543 30 
9544 30 
9545 29 
9546 29 
9547 30 
9548 30 
9549 30 
9550 29 
9551 30 
9552 30 
9553 29 
9554 29 
9555 30 
9556 30 
9557 29 
9558 30 
9559 30 
9560 30 
9561 28 
9562 30 
9563 28 
9564 30 
9565 30 
9566 30 
9567 30 
9568 29 
9569 30 
9570 30 
9571 30 
9572 30 
9573 30 
9574 30 
9575 30 
9576 30 
9577 30 
9578 30 
9579 30 
9580 30 
9581 30 
9582 30 
9583 30 
9584 30 
9585 30 
9586 30 
9587 29 
9588 30 
9589 30 
9590 30 
9591 30 
9592 30 
9593 30 
9594 29 
9595 28 
9596 30 
9597 30 
9598 29 
9599 30 
9600 30 
9601 29 
9602 30 
9603 30 
9604 30 
9605 29 
9606 30 
9607 30 
9608 30 
9609 29 
9610 30 
9611 30 
9612 29 
9613 29 
9614 29 
9615 30 
9616 30 
9617 30 
9618 29 
9619 29 
9620 30 
9621 29 
9622 28 
9623 30 
9624 30 
9625 30 
9626 30 
9627 30 
9628 30 
9629 28 
9630 30 
9631 30 
9632 30 
9633 30 
9634 29 
9635 28 
9636 28 
9637 30 
9638 30 
9639 28 
9640 29 
9641 30 
9642 30 
9643 29 
9644 30 
9645 30 
9646 30 
9647 30 
9648 30 
9649 30 
9650 30 
9651 30 
9652 29 
9653 28 
9654 30 
9655 29 
9656 30 
9657 30 
9658 30 
9659 30 
9660 30 
9661 30 
9662 29 
9663 30 
9664 30 
9665 30 
9666 30 
9667 30 
9668 29 
9669 30 
9670 29 
9671 30 
9672 29 
9673 29 
9674 29 
9675 30 
9676 30 
9677 30 
9678 30 
9679 30 
9680 29 
9681 29 
9682 30 
9683 30 
9684 30 
9685 30 
9686 30 
9687 30 
9688 30 
9689 30 
9690 30 
9691 30 
9692 29 
9693 30 
9694 30 
9695 30 
9696 29 
9697 29 
9698 29 
9699 29 
9700 30 
9701 30 
9702 30 
9703 30 
9704 30 
9705 30 
9706 29 
9707 30 
9708 29 
9709 30 
9710 30 
9711 30 
9712 30 
9713 30 
9714 30 
9715 30 
9716 30 
9717 29 
9718 29 
9719 30 
9720 28 
9721 29 
9722 29 
9723 29 
9724 30 
9725 30 
9726 30 
9727 30 
9728 30 
9729 30 
9730 29 
9731 30 
9732 28 
9733 29 
9734 30 
9735 30 
9736 29 
9737 30 
9738 30 
9739 30 
9740 30 
9741 30 
9742 30 
9743 30 
9744 30 
9745 30 
9746 29 
9747 30 
9748 29 
9749 30 
9750 30 
9751 30 
9752 29 
9753 30 
9754 30 
9755 30 
9756 30 
9757 30 
9758 30 
9759 30 
9760 29 
9761 30 
9762 30 
9763 28 
9764 30 
9765 30 
9766 30 
9767 29 
9768 30 
9769 30 
9770 30 
9771 30 
9772 30 
9773 30 
9774 29 
9775 29 
9776 30 
9777 28 
9778 28 
9779 30 
9780 30 
9781 30 
9782 30 
9783 30 
9784 30 
9785 29 
9786 30 
9787 30 
9788 29 
9789 30 
9790 30 
9791 29 
9792 30 
9793 29 
9794 29 
9795 30 
9796 30 
9797 29 
9798 29 
9799 30 
9800 28 
9801 28 
9802 30 
9803 30 
9804 29 
9805 30 
9806 29 
9807 30 
9808 30 
9809 29 
9810 30 
9811 30 
9812 30 
9813 29 
9814 30 
9815 30 
9816 30 
9817 30 
9818 30 
9819 30 
9820 30 
9821 30 
9822 29 
9823 29 
9824 30 
9825 30 
9826 30 
9827 30 
9828 29 
9829 29 
9830 29 
9831 30 
9832 29 
9833 30 
9834 29 
9835 30 
9836 30 
9837 30 
9838 29 
9839 29 
9840 30 
9841 28 
9842 30 
9843 30 
9844 28 
9845 28 
9846 30 
9847 30 
9848 30 
9849 30 
9850 30 
9851 30 
9852 30 
9853 30 
9854 30 
9855 30 
9856 29 
9857 29 
9858 29 
9859 29 
9860 30 
9861 30 
9862 30 
9863 30 
9864 29 
9865 29 
9866 29 
9867 30 
9868 30 
9869 30 
9870 29 
9871 29 
9872 28 
9873 29 
9874 30 
9875 30 
9876 30 
9877 29 
9878 27 
9879 30 
9880 30 
9881 30 
9882 30 
9883 29 
9884 30 
9885 30 
9886 30 
9887 30 
9888 29 
9889 30 
9890 29 
9891 29 
9892 30 
9893 30 
9894 30 
9895 30 
9896 30 
9897 30 
9898 29 
9899 29 
9900 30 
9901 30 
9902 29 
9903 30 
9904 30 
9905 30 
9906 29 
9907 29 
9908 30 
9909 30 
9910 30 
9911 29 
9912 29 
9913 30 
9914 30 
9915 29 
9916 27 
9917 30 
9918 29 
9919 30 
9920 29 
9921 30 
9922 30 
9923 30 
9924 30 
9925 28 
9926 29 
9927 30 
9928 30 
9929 30 
9930 29 
9931 30 
9932 30 
9933 27 
9934 30 
9935 30 
9936 30 
9937 29 
9938 30 
9939 30 
9940 29 
9941 30 
9942 30 
9943 30 
9944 30 
9945 30 
9946 29 
9947 30 
9948 30 
9949 29 
9950 30 
9951 30 
9952 30 
9953 30 
9954 29 
9955 30 
9956 29 
9957 29 
9958 30 
9959 30 
9960 29 
9961 29 
9962 30 
9963 30 
9964 29 
9965 30 
9966 29 
9967 29 
9968 29 
9969 30 
9970 29 
9971 30 
9972 29 
9973 29 
9974 29 
9975 28 
9976 28 
9977 30 
9978 29 
9979 28 
9980 30 
9981 30 
9982 30 
9983 27 
9984 29 
9985 30 
9986 30 
9987 30 
9988 30 
9989 30 
9990 30 
9991 30 
9992 29 
9993 29 
9994 29 
9995 30 
9996 30 
9997 30 
9998 28 
9999 30 
10000 28 
10001 29 
10002 29 
10003 30 
10004 30 
10005 30 
10006 30 
10007 29 
10008 30 
10009 30 
10010 29 
10011 30 
10012 28 
10013 30 
10014 29 
10015 30 
10016 28 
10017 30 
10018 30 
10019 28 
10020 30 
10021 29 
10022 30 
10023 29 
10024 30 
10025 30 
10026 29 
10027 28 
10028 30 
10029 30 
10030 29 
10031 30 
10032 30 
10033 30 
10034 30 
10035 29 
10036 28 
10037 28 
10038 29 
10039 29 
10040 28 
10041 30 
10042 28 
10043 29 
10044 29 
10045 29 
10046 29 
10047 30 
10048 29 
10049 30 
10050 30 
10051 30 
10052 30 
10053 29 
10054 30 
10055 30 
10056 29 
10057 30 
10058 30 
10059 29 
10060 29 
10061 30 
10062 30 
10063 28 
10064 30 
10065 29 
10066 29 
10067 30 
10068 29 
10069 30 
10070 30 
10071 29 
10072 28 
10073 30 
10074 30 
10075 29 
10076 30 
10077 30 
10078 30 
10079 29 
10080 30 
10081 29 
10082 28 
10083 30 
10084 30 
10085 30 
10086 29 
10087 29 
10088 29 
10089 30 
10090 30 
10091 29 
10092 30 
10093 30 
10094 30 
10095 29 
10096 30 
10097 30 
10098 30 
10099 30 
10100 30 
10101 30 
10102 30 
10103 30 
10104 30 
10105 30 
10106 30 
10107 30 
10108 30 
10109 30 
10110 30 
10111 30 
10112 30 
10113 30 
10114 29 
10115 30 
10116 30 
10117 30 
10118 30 
10119 30 
10120 30 
10121 30 
10122 29 
10123 29 
10124 30 
10125 29 
10126 30 
10127 30 
10128 29 
10129 30 
10130 30 
10131 30 
10132 29 
10133 30 
10134 29 
10135 30 
10136 29 
10137 30 
10138 30 
10139 30 
10140 29 
10141 30 
10142 30 
10143 29 
10144 29 
10145 30 
10146 30 
10147 30 
10148 29 
10149 30 
10150 30 
10151 30 
10152 30 
10153 29 
10154 29 
10155 30 
10156 30 
10157 30 
10158 29 
10159 30 
10160 29 
10161 30 
10162 29 
10163 30 
10164 28 
10165 29 
10166 29 
10167 30 
10168 29 
10169 29 
10170 29 
10171 30 
10172 29 
10173 30 
10174 29 
10175 30 
10176 30 
10177 30 
10178 30 
10179 30 
10180 29 
10181 30 
10182 30 
10183 29 
10184 30 
10185 30 
10186 30 
10187 30 
10188 30 
10189 29 
10190 30 
10191 30 
10192 30 
10193 29 
10194 30 
10195 30 
10196 30 
10197 30 
10198 30 
10199 29 
10200 28 
10201 29 
10202 30 
10203 28 
10204 30 
10205 30 
10206 29 
10207 28 
10208 30 
10209 30 
10210 30 
10211 30 
10212 29 
10213 30 
10214 30 
10215 30 
10216 29 
10217 29 
10218 30 
10219 30 
10220 29 
10221 30 
10222 30 
10223 29 
10224 29 
10225 30 
10226 29 
10227 29 
10228 30 
10229 29 
10230 30 
10231 30 
10232 30 
10233 30 
10234 29 
10235 30 
10236 30 
10237 30 
10238 30 
10239 30 
10240 30 
10241 29 
10242 30 
10243 29 
10244 30 
10245 30 
10246 30 
10247 29 
10248 30 
10249 30 
10250 30 
10251 30 
10252 30 
10253 30 
10254 30 
10255 29 
10256 30 
10257 30 
10258 30 
10259 30 
10260 30 
10261 30 
10262 30 
10263 29 
10264 30 
10265 30 
10266 30 
10267 30 
10268 29 
10269 29 
10270 29 
10271 29 
10272 29 
10273 29 
10274 30 
10275 30 
10276 30 
10277 29 
10278 30 
10279 30 
10280 30 
10281 30 
10282 30 
10283 29 
10284 30 
10285 30 
10286 29 
10287 30 
10288 29 
10289 29 
10290 30 
10291 30 
10292 30 
10293 29 
10294 30 
10295 30 
10296 30 
10297 30 
10298 29 
10299 30 
10300 29 
10301 30 
10302 30 
10303 30 
10304 30 
10305 30 
10306 30 
10307 30 
10308 30 
10309 29 
10310 30 
10311 30 
10312 29 
10313 28 
10314 30 
10315 29 
10316 30 
10317 30 
10318 30 
10319 29 
10320 30 
10321 30 
10322 30 
10323 29 
10324 30 
10325 30 
10326 29 
10327 29 
10328 30 
10329 29 
10330 30 
10331 30 
10332 29 
10333 29 
10334 30 
10335 30 
10336 30 
10337 29 
10338 29 
10339 30 
10340 29 
10341 30 
10342 29 
10343 29 
10344 30 
10345 30 
10346 30 
10347 29 
10348 29 
10349 29 
10350 29 
10351 30 
10352 30 
10353 30 
10354 30 
10355 30 
10356 30 
10357 29 
10358 29 
10359 30 
10360 29 
10361 30 
10362 29 
10363 28 
10364 30 
10365 30 
10366 30 
10367 30 
10368 30 
10369 30 
10370 29 
10371 30 
10372 28 
10373 30 
10374 30 
10375 30 
10376 28 
10377 30 
10378 30 
10379 30 
10380 29 
10381 30 
10382 28 
10383 29 
10384 30 
10385 30 
10386 30 
10387 30 
10388 30 
10389 30 
10390 30 
10391 30 
10392 30 
10393 30 
10394 29 
10395 30 
10396 30 
10397 29 
10398 30 
10399 30 
10400 27 
10401 30 
10402 29 
10403 30 
10404 30 
10405 29 
10406 29 
10407 30 
10408 29 
10409 30 
10410 29 
10411 30 
10412 29 
10413 29 
10414 30 
10415 29 
10416 29 
10417 29 
10418 30 
10419 30 
10420 30 
10421 30 
10422 30 
10423 30 
10424 30 
10425 30 
10426 30 
10427 30 
10428 30 
10429 29 
10430 30 
10431 29 
10432 30 
10433 29 
10434 30 
10435 28 
10436 30 
10437 30 
10438 30 
10439 30 
10440 29 
10441 30 
10442 30 
10443 30 
10444 30 
10445 30 
10446 30 
10447 29 
10448 30 
10449 30 
10450 30 
10451 30 
10452 29 
10453 30 
10454 30 
10455 30 
10456 30 
10457 30 
10458 30 
10459 29 
10460 29 
10461 29 
10462 30 
10463 29 
10464 30 
10465 30 
10466 29 
10467 30 
10468 30 
10469 30 
10470 30 
10471 30 
10472 30 
10473 30 
10474 30 
10475 29 
10476 30 
10477 30 
10478 29 
10479 30 
10480 30 
10481 30 
10482 30 
10483 30 
10484 30 
10485 30 
10486 30 
10487 30 
10488 30 
10489 30 
10490 29 
10491 30 
10492 30 
10493 26 
10494 30 
10495 29 
10496 30 
10497 30 
10498 29 
10499 28 
10500 30 
10501 30 
10502 30 
10503 30 
10504 28 
10505 30 
10506 29 
10507 29 
10508 30 
10509 30 
10510 30 
10511 30 
10512 30 
10513 30 
10514 30 
10515 29 
10516 30 
10517 30 
10518 30 
10519 30 
10520 30 
10521 30 
10522 30 
10523 29 
10524 30 
10525 30 
10526 29 
10527 30 
10528 27 
10529 30 
10530 30 
10531 30 
10532 30 
10533 30 
10534 30 
10535 30 
10536 30 
10537 29 
10538 30 
10539 29 
10540 29 
10541 30 
10542 30 
10543 30 
10544 29 
10545 30 
10546 30 
10547 30 
10548 30 
10549 29 
10550 30 
10551 30 
10552 30 
10553 29 
10554 30 
10555 29 
10556 29 
10557 30 
10558 30 
10559 30 
10560 30 
10561 30 
10562 30 
10563 30 
10564 29 
10565 29 
10566 30 
10567 30 
10568 30 
10569 30 
10570 30 
10571 30 
10572 30 
10573 28 
10574 30 
10575 30 
10576 29 
10577 30 
10578 30 
10579 27 
10580 30 
10581 29 
10582 30 
10583 30 
10584 29 
10585 27 
10586 29 
10587 30 
10588 30 
10589 30 
10590 29 
10591 30 
10592 30 
10593 30 
10594 30 
10595 30 
10596 29 
10597 29 
10598 30 
10599 30 
10600 29 
10601 28 
10602 30 
10603 30 
10604 28 
10605 30 
10606 30 
10607 29 
10608 30 
10609 30 
10610 29 
10611 30 
10612 30 
10613 29 
10614 30 
10615 30 
10616 29 
10617 30 
10618 30 
10619 30 
10620 30 
10621 30 
10622 28 
10623 27 
10624 29 
10625 29 
10626 30 
10627 30 
10628 30 
10629 30 
10630 30 
10631 29 
10632 29 
10633 29 
10634 30 
10635 29 
10636 29 
10637 30 
10638 30 
10639 30 
10640 30 
10641 30 
10642 30 
10643 30 
10644 30 
10645 30 
10646 30 
10647 30 
10648 30 
10649 30 
10650 30 
10651 29 
10652 30 
10653 30 
10654 29 
10655 30 
10656 29 
10657 30 
10658 30 
10659 30 
10660 30 
10661 29 
10662 30 
10663 29 
10664 30 
10665 30 
