x 0 1 2 3 4 5 6 7 
0.000000 0.010775 0.018103 0.011043 0.011012 0.017846 0.013816 0.009363 0.009380 
10.000000 0.129637 0.174810 0.132167 0.119429 0.168284 0.159246 0.104520 0.103180 
20.000000 0.242943 0.333496 0.254191 0.228935 0.331037 0.298374 0.200059 0.196980 
30.000000 0.358269 0.488412 0.370292 0.336362 0.490146 0.451561 0.295599 0.290779 
40.000000 0.470397 0.636255 0.490578 0.445662 0.643600 0.604990 0.390756 0.384579 
50.000000 0.587070 0.795319 0.611251 0.553685 0.801200 0.758176 0.485531 0.478379 
60.000000 0.700712 0.952591 0.732245 0.663531 0.956288 0.919846 0.580688 0.572179 
70.000000 0.811998 1.110241 0.852692 0.771787 1.115020 1.077153 0.676131 0.665979 
80.000000 0.930691 1.275810 0.964060 0.879312 1.271992 1.235187 0.771575 0.759779 
90.000000 1.041977 1.423748 1.081352 0.986550 1.432232 1.392252 0.866923 0.853578 
100.000000 1.163364 1.577060 1.197452 1.092576 1.595112 1.532107 0.962176 0.947378 
110.000000 1.277680 1.741121 1.315195 1.200361 1.745172 1.691838 1.057524 1.041178 
120.000000 1.386777 1.890379 1.437445 1.308448 1.900510 1.841389 1.152872 1.134978 
130.000000 1.510522 2.046708 1.556894 1.415411 2.060499 1.981002 1.248412 1.228778 
140.000000 1.621807 2.204358 1.673929 1.522438 2.218100 2.134431 1.342996 1.322578 
150.000000 1.731746 2.364836 1.788709 1.630850 2.368411 2.278892 1.438248 1.416377 
160.000000 1.847577 2.519751 1.904584 1.737558 2.525133 2.433290 1.533692 1.510177 
170.000000 1.965934 2.683906 2.021683 1.846057 2.682231 2.586234 1.629231 1.603977 
180.000000 2.087490 2.838350 2.135594 1.953371 2.830406 2.733361 1.724675 1.697777 
190.000000 2.200964 2.985722 2.253305 2.061264 2.988635 2.889698 1.819832 1.791577 
200.000000 2.315112 3.140543 2.370564 2.168275 3.146236 3.045066 1.915180 1.885377 
210.000000 2.428586 3.291781 2.479067 2.277028 3.302454 3.187588 2.010624 1.979176 
220.000000 2.540040 3.448959 2.599160 2.385056 3.462820 3.336654 2.106068 2.072976 
230.000000 2.659575 3.602554 2.716580 2.493728 3.612629 3.482327 2.201607 2.166776 
240.000000 2.774902 3.758600 2.834098 2.600966 3.767842 3.640118 2.296955 2.260576 
250.000000 2.899488 3.922378 2.947944 2.708253 3.924060 3.788215 2.392399 2.354376 
260.000000 3.012625 4.078802 3.060825 2.816417 4.083169 3.940432 2.487938 2.448176 
270.000000 3.126436 4.242675 3.179115 2.922470 4.247682 4.090467 2.583095 2.541975 
280.000000 3.242604 4.397684 3.295184 3.030795 4.397742 4.238079 2.678348 2.635775 
290.000000 3.353217 4.556182 3.410479 3.137768 4.553458 4.393689 2.773410 2.729575 
300.000000 3.472078 4.712228 3.526870 3.246706 4.709299 4.552693 2.868662 2.823375 
310.000000 3.590940 4.866955 3.647027 3.354090 4.859108 4.711454 2.964201 2.917175 
320.000000 3.702394 5.029885 3.772465 3.462670 5.009168 4.853249 3.059741 3.010975 
330.000000 3.813680 5.189891 3.887245 3.568983 5.158474 5.002557 3.154898 3.104774 
340.000000 3.937256 5.346786 4.007370 3.677163 5.323365 5.145079 3.250342 3.198574 
350.000000 4.048205 5.501513 4.125371 3.784661 5.482222 5.285661 3.345690 3.292374 
360.000000 4.166561 5.661048 4.241117 3.892505 5.636430 5.435697 3.441229 3.386174 
370.000000 4.287275 5.814172 4.352517 4.000414 5.791391 5.591307 3.536482 3.479974 
380.000000 4.402433 5.970312 4.466589 4.106424 5.943965 5.759764 3.631925 3.573774 
390.000000 4.522305 6.126359 4.590481 4.215274 6.102823 5.902285 3.727178 3.667573 
400.000000 4.644534 6.284480 4.708031 4.322756 6.263565 6.055472 3.822717 3.761373 
410.000000 4.757840 6.429966 4.826289 4.430579 6.414631 6.214960 3.918257 3.855173 
420.000000 4.874177 6.578187 4.945061 4.539240 6.574745 6.363057 4.013605 3.948973 
430.000000 4.984115 6.733856 5.063351 4.648058 6.726314 6.509457 4.108571 4.042773 
440.000000 5.097085 6.888206 5.181963 4.755518 6.880144 6.666521 4.203155 4.136573 
450.000000 5.211064 7.045761 5.301026 4.862735 7.046794 6.808558 4.298312 4.230372 
460.000000 5.321844 7.202562 5.422278 4.970595 7.204520 6.960533 4.393851 4.324172 
470.000000 5.440370 7.355591 5.542210 5.078937 7.361116 7.096752 4.489199 4.417972 
480.000000 5.556706 7.508715 5.657119 5.186776 7.507029 7.261573 4.584643 4.511772 
490.000000 5.669844 7.666364 5.767972 5.293668 7.664127 7.414033 4.679609 4.605572 
500.000000 5.793925 7.822316 5.882270 5.401625 7.821099 7.558736 4.774862 4.699372 
510.000000 5.912955 7.987037 5.997243 5.509583 7.963996 7.703923 4.870019 4.793171 
520.000000 6.022725 8.144310 6.115083 5.617276 8.115438 7.848142 4.965367 4.886971 
530.000000 6.135526 8.303373 6.231891 5.724785 8.266504 8.004237 5.060715 4.980771 
540.000000 6.252199 8.459514 6.344901 5.831671 8.426618 8.161302 5.156254 5.074571 
550.000000 6.365505 8.613204 6.463159 5.937854 8.581077 8.317639 5.251698 5.168371 
560.000000 6.474939 8.762461 6.582737 6.045715 8.745213 8.465251 5.346378 5.262171 
570.000000 6.584373 8.915114 6.701928 6.154084 8.899169 8.612620 5.441726 5.355970 
580.000000 6.709632 9.069180 6.818995 6.261776 9.051617 8.764595 5.537074 5.449770 
590.000000 6.829841 9.217212 6.940665 6.370887 9.214497 8.914388 5.632327 5.543570 
600.000000 6.947861 9.364584 7.061306 6.479391 9.369961 9.065877 5.727866 5.637370 
610.000000 7.053591 9.518933 7.182848 6.586521 9.528567 9.202824 5.822832 5.731170 
620.000000 7.172284 9.677620 7.301363 6.693683 9.685037 9.350678 5.918085 5.824970 
630.000000 7.289631 9.826406 7.418011 6.800803 9.849425 9.498048 6.013146 5.918769 
640.000000 7.411860 9.984244 7.532051 6.909350 10.000113 9.644447 6.108590 6.012569 
650.000000 7.524829 10.141517 7.648602 7.017746 10.148414 9.788181 6.203938 6.106369 
660.000000 7.643186 10.302183 7.768309 7.126613 10.300610 9.925370 6.299477 6.200169 
670.000000 7.765583 10.453987 7.885568 7.232845 10.452807 10.086313 6.395017 6.293969 
680.000000 7.881751 10.612014 8.000317 7.340354 10.613676 10.228834 6.489983 6.387769 
690.000000 7.996067 10.761649 8.112200 7.448025 10.772156 10.378628 6.585426 6.481568 
700.000000 8.109878 10.915149 8.228815 7.555690 10.921085 10.528905 6.680870 6.575368 
710.000000 8.230424 11.071762 8.346075 7.661700 11.075921 10.678456 6.776409 6.669168 
720.000000 8.347433 11.229788 8.464687 7.770556 11.227364 10.831158 6.871375 6.762968 
730.000000 8.460908 11.384986 8.576634 7.879109 11.384462 10.986041 6.966819 6.856768 
740.000000 8.568826 11.543296 8.691962 7.987094 11.545959 11.130987 7.062263 6.950567 
750.000000 8.687183 11.696891 8.810832 8.094922 11.691746 11.286597 7.157516 7.044367 
760.000000 8.799479 11.852277 8.933404 8.201690 11.846330 11.429603 7.252959 7.138167 
770.000000 8.917499 12.005401 9.049376 8.310161 12.005188 11.580124 7.348212 7.231967 
780.000000 9.029458 12.165313 9.170177 8.417665 12.161532 11.727735 7.443369 7.325767 
790.000000 9.141754 12.315608 9.280096 8.524925 12.322401 11.872923 7.538908 7.419567 
800.000000 9.260784 12.469486 9.396196 8.634170 12.473089 12.023928 7.634257 7.513366 
810.000000 9.381161 12.623647 9.513456 8.741636 12.632952 12.162814 7.729700 7.607166 
820.000000 9.496487 12.776110 9.632197 8.850513 12.796460 12.314546 7.824666 7.700966 
830.000000 9.610467 12.935080 9.749102 8.958563 12.954689 12.463855 7.920206 7.794766 
840.000000 9.727645 13.089618 9.861114 9.064957 13.107011 12.615587 8.015745 7.888566 
850.000000 9.838257 13.240101 9.974671 9.171497 13.261973 12.760532 8.111189 7.982366 
860.000000 9.943650 13.401145 10.092929 9.279975 13.421333 12.908871 8.206346 8.076165 
870.000000 10.057293 13.548706 10.212346 9.387851 13.577929 13.058907 8.301694 8.169965 
880.000000 10.173966 13.702301 10.322586 9.496004 13.734147 13.215002 8.396947 8.263765 
890.000000 10.291312 13.854670 10.437850 9.604038 13.895644 13.364310 8.492390 8.357565 
900.000000 10.415899 14.012603 10.553049 9.712336 14.048595 13.507074 8.587834 8.451365 
910.000000 10.526174 14.169309 10.672112 9.818276 14.204185 13.645475 8.682991 8.545165 
920.000000 10.643184 14.326204 10.793879 9.925974 14.364802 13.793814 8.778244 8.638964 
930.000000 10.760699 14.481874 10.913521 10.033163 14.522026 13.949909 8.873401 8.732764 
940.000000 10.882423 14.637920 11.035224 10.139990 14.681637 14.110609 8.968940 8.826564 
950.000000 10.993203 14.793118 11.150520 10.247158 14.834211 14.257009 9.064288 8.920364 
960.000000 11.116779 14.948976 11.268520 10.354418 14.986785 14.403894 9.159063 9.014164 
970.000000 11.228233 15.106437 11.386552 10.462744 15.143757 14.547142 9.254603 9.107964 
980.000000 11.344401 15.264935 11.501140 10.571524 15.312041 14.696693 9.349855 9.201763 
990.000000 11.467304 15.424847 11.619172 10.680927 15.472532 14.844790 9.445395 9.295563 
1000.000000 11.581788 15.579951 11.735691 10.789052 15.627243 14.993371 9.540361 9.389363 
1010.000000 11.699135 15.736752 11.851663 10.896875 15.787860 15.151890 9.635327 9.483163 
1020.000000 11.819849 15.898644 11.967892 11.002798 15.939302 15.321074 9.730866 9.576963 
1030.000000 11.932818 16.056577 12.084315 11.110128 16.089614 15.466989 9.826405 9.670763 
1040.000000 12.048144 16.212623 12.197808 11.216344 16.248848 15.609268 9.921944 9.764562 
1050.000000 12.160777 16.365464 12.318899 11.324036 16.399914 15.752032 10.017293 9.858362 
1060.000000 12.282837 16.521793 12.430685 11.432048 16.547461 15.905218 10.112832 9.952162 
1070.000000 12.399847 16.671334 12.544983 11.538924 16.711220 16.053799 10.208180 10.045962 
1080.000000 12.516520 16.824269 12.663916 11.646681 16.867689 16.212561 10.303433 10.139762 
1090.000000 12.631341 16.979938 12.781466 11.753698 17.025542 16.363081 10.398781 10.233562 
1100.000000 12.737408 17.137305 12.898532 11.862310 17.187164 16.511420 10.494320 10.327361 
1110.000000 12.847347 17.300612 13.011188 11.970982 17.338230 16.659759 10.589668 10.421161 
1120.000000 12.971764 17.462221 13.126033 12.078837 17.491683 16.814884 10.684921 10.514961 
1130.000000 13.088438 17.618739 13.242359 12.186135 17.649284 16.956194 10.780460 10.608761 
1140.000000 13.213024 17.778274 13.358717 12.292540 17.807639 17.093868 10.875904 10.702561 
1150.000000 13.331885 17.931587 13.477104 12.399637 17.965114 17.240752 10.971348 10.796361 
1160.000000 13.456135 18.084710 13.593043 12.506383 18.115174 17.389818 11.066887 10.890160 
1170.000000 13.572808 18.238305 13.709595 12.612707 18.282075 17.543974 11.162426 10.983960 
1180.000000 13.693185 18.394446 13.826951 12.721016 18.440179 17.684799 11.257583 11.077760 
1190.000000 13.808175 18.558413 13.944275 12.827351 18.605320 17.832169 11.353123 11.171560 
1200.000000 13.921649 18.713516 14.065334 12.935125 18.760282 17.976872 11.448471 11.265360 
1210.000000 14.040174 18.868620 14.184429 13.043889 18.912856 18.120121 11.544010 11.359160 
1220.000000 14.165602 19.018821 14.301914 13.152464 19.068823 18.267975 11.639454 11.452959 
1230.000000 14.278234 19.172227 14.419528 13.259783 19.227932 18.413890 11.734993 11.546759 
1240.000000 14.393561 19.332705 14.539943 13.367405 19.374473 18.560047 11.830532 11.640559 
1250.000000 14.511917 19.492241 14.656365 13.473426 19.527172 18.714688 11.925976 11.734359 
1260.000000 14.636672 19.646684 14.777102 13.582525 19.686533 18.861572 12.020656 11.828159 
1270.000000 14.747284 19.804051 14.890401 13.689991 19.845893 19.006760 12.116195 11.921959 
1280.000000 14.864125 19.964623 15.007017 13.797229 20.008772 19.153160 12.211734 12.015758 
1290.000000 14.977600 20.129816 15.126434 13.904256 20.157199 19.299317 12.307178 12.109558 
1300.000000 15.098482 20.282562 15.248910 14.011878 20.318821 19.445232 12.402526 12.203358 
1310.000000 15.218186 20.431348 15.368198 14.120026 20.474286 19.598661 12.497683 12.297158 
1320.000000 15.335364 20.589658 15.485232 14.226663 20.629750 19.749181 12.593222 12.390958 
1330.000000 15.452037 20.753248 15.608351 14.333306 20.783329 19.911821 12.688475 12.484758 
1340.000000 15.567195 20.910803 15.723679 14.439862 20.947339 20.061129 12.783823 12.578557 
1350.000000 15.685215 21.066283 15.840907 14.547458 21.097400 20.203893 12.878885 12.672357 
1360.000000 15.802393 21.221010 15.955623 14.653803 21.258896 20.356110 12.974329 12.766157 
1370.000000 15.918561 21.374888 16.074879 14.761496 21.414989 20.503237 13.069868 12.859957 
1380.000000 16.031699 21.531217 16.192332 14.869692 21.577366 20.661998 13.165312 12.953757 
1390.000000 16.151234 21.697164 16.306726 14.976778 21.734213 20.812761 13.260755 13.047557 
1400.000000 16.260499 21.853871 16.422923 15.084612 21.887917 20.964978 13.355912 13.141356 
1410.000000 16.371785 22.005203 16.535933 15.193040 22.040868 21.119134 13.451165 13.235156 
1420.000000 16.491994 22.163324 16.658344 15.300949 22.200857 21.273048 13.546418 13.328956 
1430.000000 16.615064 22.322670 16.782107 15.409026 22.350666 21.425749 13.641670 13.422756 
1440.000000 16.737799 22.478434 16.895407 15.517168 22.499218 21.571907 13.736923 13.516556 
1450.000000 16.862048 22.630803 17.011346 15.625310 22.659458 21.723639 13.831985 13.610356 
1460.000000 16.983940 22.787887 17.130763 15.731617 22.825228 21.872947 13.927524 13.704155 
1470.000000 17.104486 22.942708 17.246477 15.837849 22.974911 22.025407 14.022872 13.797955 
1480.000000 17.223347 23.098283 17.365766 15.944730 23.134271 22.177866 14.118316 13.891755 
1490.000000 17.331098 23.249426 17.482864 16.051086 23.290238 22.324993 14.213664 13.985555 
1500.000000 17.449118 23.405002 17.600414 16.157459 23.445828 22.483512 14.308821 14.079355 
1510.000000 17.571852 23.561331 17.713391 16.264085 23.600413 22.624822 14.404265 14.173154 
1520.000000 17.698121 23.721149 17.828848 16.371778 23.756505 22.766616 14.499422 14.266954 
1530.000000 17.814626 23.887190 17.948844 16.477837 23.915489 22.919075 14.594961 14.360754 
1540.000000 17.932478 24.042200 18.065170 16.584858 24.070450 23.073231 14.689736 14.454554 
1550.000000 18.053360 24.199943 18.183138 16.690960 24.224909 23.217207 14.785180 14.548354 
1560.000000 18.165151 24.355141 18.300559 16.799037 24.376603 23.369182 14.880433 14.642154 
1570.000000 18.276100 24.514394 18.420394 16.906086 24.540614 23.527701 14.975685 14.735953 
1580.000000 18.390752 24.673457 18.538781 17.015283 24.695450 23.664163 15.071225 14.829753 
1590.000000 18.509951 24.828467 18.654527 17.121493 24.849154 23.815895 15.166477 14.923553 
1600.000000 18.619553 24.986870 18.770016 17.230084 24.992931 23.960356 15.261921 15.017353 
1610.000000 18.734711 25.141220 18.888692 17.337863 25.146384 24.114512 15.357460 15.111153 
1620.000000 18.854414 25.299435 19.002861 17.446703 25.304990 24.261154 15.452999 15.204953 
1630.000000 18.973108 25.451050 19.122729 17.554098 25.460832 24.416279 15.548539 15.298752 
1640.000000 19.093148 25.610679 19.241180 17.660394 25.619061 24.553469 15.643696 15.392552 
1650.000000 19.206118 25.765595 19.363333 17.767681 25.773268 24.705928 15.739235 15.486352 
1660.000000 19.321781 25.925035 19.482976 17.876380 25.937530 24.858145 15.834392 15.580152 
1670.000000 19.434918 26.086834 19.605033 17.984636 26.092492 25.016179 15.929454 15.673952 
1680.000000 19.554790 26.242314 19.720779 18.092031 26.245443 25.170093 16.024420 15.767752 
1690.000000 19.673315 26.395344 19.838747 18.198382 26.401158 25.320613 16.119672 15.861551 
1700.000000 19.785948 26.551107 19.951048 18.306469 26.562027 25.466528 16.215021 15.955351 
1710.000000 19.907335 26.706022 20.071238 18.414048 26.713218 25.612685 16.309891 16.049151 
1720.000000 20.018789 26.854337 20.191170 18.522466 26.878862 25.768538 16.405430 16.142951 
1730.000000 20.128559 27.011138 20.309782 18.629726 27.033572 25.915423 16.500970 16.236751 
1740.000000 20.248431 27.166902 20.427525 18.737040 27.189791 26.058671 16.596222 16.330551 
1750.000000 20.363084 27.323420 20.552737 18.845252 27.353550 26.210888 16.691762 16.424350 
1760.000000 20.477569 27.485124 20.667839 18.953026 27.512785 26.366499 16.787301 16.518150 
1770.000000 20.600639 27.649279 20.783425 19.059712 27.670260 26.510232 16.882745 16.611950 
1780.000000 20.725225 27.805891 20.896434 19.167464 27.830877 26.659783 16.978093 16.705750 
1790.000000 20.837521 27.960712 21.015755 19.274740 27.992751 26.814666 17.073632 16.799550 
1800.000000 20.960929 28.121850 21.137329 19.382341 28.149472 26.956703 17.169171 16.893350 
1810.000000 21.074571 28.274974 21.257196 19.489785 28.316373 27.103103 17.264711 16.987149 
1820.000000 21.192928 28.428003 21.377547 19.597905 28.474728 27.249018 17.359963 17.080949 
1830.000000 21.310443 28.580278 21.493519 19.706096 28.626673 27.397357 17.455503 17.174749 
1840.000000 21.419540 28.733213 21.607945 19.813561 28.783394 27.550058 17.550946 17.268549 
1850.000000 21.538234 28.888411 21.722339 19.920604 28.937853 27.715122 17.646008 17.362349 
1860.000000 21.642280 29.041723 21.836283 20.027626 29.093820 27.869520 17.741547 17.456149 
1870.000000 21.757438 29.193716 21.953220 20.136304 29.248531 28.018101 17.836704 17.549948 
1880.000000 21.867376 29.348159 22.072026 20.245701 29.398214 28.167652 17.932052 17.643748 
1890.000000 21.981693 29.505337 22.184971 20.352582 29.553301 28.314294 18.027592 17.737548 
1900.000000 22.096177 29.654501 22.301780 20.459852 29.713290 28.474752 18.123035 17.831348 
1910.000000 22.218238 29.806964 22.417816 20.569006 29.869759 28.622121 18.218384 17.925148 
1920.000000 22.338783 29.957448 22.531244 20.676515 30.025601 28.776762 18.313923 18.018948 
1930.000000 22.448722 30.109629 22.646186 20.785263 30.180185 28.928494 18.409462 18.112747 
1940.000000 22.568762 30.257566 22.757650 20.894595 30.333136 29.088225 18.504715 18.206547 
1950.000000 22.678533 30.420496 22.883603 21.002277 30.487218 29.233655 18.599968 18.300347 
1960.000000 22.798910 30.568717 22.995164 21.110327 30.643688 29.384418 18.695220 18.394147 
1970.000000 22.911711 30.716466 23.113647 21.217624 30.798524 29.527425 18.790568 18.487947 
1980.000000 23.024680 30.871287 23.233515 21.324559 30.957004 29.671400 18.885725 18.581747 
1990.000000 23.141521 31.025070 23.348070 21.432328 31.112971 29.812225 18.980787 18.675546 
2000.000000 23.261225 31.183663 23.467293 21.538717 31.270572 29.959110 19.075562 18.769346 
2010.000000 23.374699 31.338766 23.583748 21.642924 31.429430 30.118356 19.169668 18.863146 
2020.000000 23.488174 31.497170 23.706739 21.746938 31.588413 30.268634 19.264061 18.956946 
2030.000000 23.608719 31.648314 23.823161 21.849252 31.740987 30.424729 19.358645 19.050746 
2040.000000 23.727918 31.814449 23.940099 21.952053 31.890041 30.577188 19.453133 19.144546 
2050.000000 23.844591 31.967384 24.054203 22.056720 32.042866 30.727709 19.547526 19.238345 
2060.000000 23.961432 32.119753 24.173556 22.159051 32.202981 30.883319 19.642014 19.332145 
2070.000000 24.078947 32.277968 24.288884 22.260867 32.360205 31.039414 19.736407 19.425945 
2080.000000 24.194105 32.435335 24.417380 22.363760 32.512778 31.189934 19.830609 19.519745 
2090.000000 24.315829 32.594493 24.533738 22.467459 32.669248 31.335365 19.925575 19.613545 
2100.000000 24.431155 32.751671 24.651706 22.571375 32.823330 31.487824 20.020350 19.707345 
2110.000000 24.546313 32.908000 24.770994 22.675150 32.984701 31.632527 20.114552 19.801144 
2120.000000 24.660629 33.066310 24.886934 22.777464 33.135641 31.791531 20.209231 19.894944 
2130.000000 24.778144 33.219245 25.000813 22.882316 33.292991 31.940354 20.304102 19.988744 
2140.000000 24.893639 33.363883 25.116592 22.986204 33.446193 32.099358 20.398972 20.082544 
2150.000000 25.007787 33.490228 25.236974 23.083113 33.573882 32.233154 20.493269 20.176344 
2160.000000 25.116547 33.617706 25.360384 23.180746 33.700315 32.359193 20.587949 20.270144 
2170.000000 25.231873 33.747257 25.479800 23.276583 33.826496 32.483051 20.681768 20.363943 
2180.000000 25.343496 33.876998 25.602437 23.372090 33.949535 32.602546 20.775015 20.457743 
2190.000000 25.462694 34.001458 25.724075 23.468662 34.081372 32.727616 20.869598 20.551543 
2200.000000 25.587448 34.122618 25.846583 23.564223 34.209941 32.851959 20.962080 20.645343 
2210.000000 25.706310 34.253395 25.964551 23.660531 34.337756 32.975333 21.056378 20.739143 
2220.000000 25.820795 34.381155 26.085224 23.757066 34.471101 33.111067 21.150293 20.832943 
2230.000000 25.943697 34.503635 26.203546 23.851290 34.597282 33.240500 21.244972 20.926742 
2240.000000 26.060370 34.627435 26.324508 23.945964 34.731130 33.364116 21.338792 21.020542 
2250.000000 26.173003 34.749727 26.447788 24.040799 34.857688 33.485793 21.433089 21.114342 
2260.000000 26.292370 34.875318 26.565917 24.137502 34.981356 33.605288 21.526909 21.208142 
2270.000000 26.415777 34.997893 26.687234 24.231575 35.104898 33.739084 21.620059 21.301942 
2280.000000 26.531440 35.124616 26.802755 24.327130 35.228691 33.869001 21.714261 21.395741 
2290.000000 26.649797 35.256807 26.922107 24.422031 35.353992 33.992859 21.808272 21.489541 
2300.000000 26.767985 35.385322 27.039657 24.518009 35.477534 34.113324 21.902091 21.583341 
2310.000000 26.886005 35.514591 27.159170 24.614565 35.608743 34.229668 21.996675 21.677141 
2320.000000 26.997459 35.638108 27.272663 24.710380 35.740579 34.356920 22.091068 21.770941 
2330.000000 27.113291 35.766528 27.389890 24.805249 35.867012 34.475930 22.184123 21.864741 
2340.000000 27.219694 35.892214 27.513461 24.899138 35.992942 34.606090 22.278803 21.958540 
2350.000000 27.340576 36.014034 27.627307 24.995699 36.117866 34.740613 22.373673 22.052340 
2360.000000 27.455061 36.144623 27.747980 25.092050 36.252594 34.863502 22.467875 22.146140 
2370.000000 27.574596 36.276814 27.873385 25.186908 36.381666 34.993177 22.561503 22.239940 
2380.000000 27.689249 36.404386 27.992963 25.282269 36.502568 35.119944 22.655323 22.333740 
2390.000000 27.814003 36.536483 28.113346 25.377072 36.633525 35.242832 22.748665 22.427540 
2400.000000 27.933538 36.668675 28.231056 25.472433 36.752166 35.378809 22.842484 22.521339 
2410.000000 28.042130 36.791721 28.352469 25.566863 36.877467 35.497335 22.936686 22.615139 
2420.000000 28.154763 36.919387 28.470824 25.662645 37.002266 35.620708 23.030983 22.708939 
2430.000000 28.270426 37.046204 28.590917 25.758157 37.126059 35.746990 23.125472 22.802739 
2440.000000 28.393497 37.177830 28.711782 25.852826 37.256011 35.869879 23.219482 22.896539 
2450.000000 28.515557 37.305779 28.828044 25.948857 37.384831 36.000281 23.312824 22.990339 
2460.000000 28.640480 37.434105 28.956283 26.044748 37.507745 36.132380 23.406166 23.084138 
2470.000000 28.758500 37.561770 29.072512 26.139524 37.640084 36.258662 23.499795 23.177938 
2480.000000 28.873490 37.685570 29.197499 26.235957 37.770539 36.384459 23.593901 23.271738 
2490.000000 28.983933 37.816348 29.314952 26.333455 37.901496 36.522618 23.687338 23.365538 
2500.000000 29.106331 37.942882 29.431085 26.427690 38.035343 36.653748 23.781062 23.459338 
2510.000000 29.221994 38.072717 29.547765 26.522883 38.163284 36.788513 23.875646 23.553138 
2520.000000 29.334795 38.203683 29.663962 26.617231 38.286700 36.907281 23.969275 23.646937 
2530.000000 29.457529 38.330877 29.790784 26.713193 38.411248 37.033563 24.063572 23.740737 
2540.000000 29.579421 38.465049 29.913614 26.809820 38.537680 37.157179 24.157582 23.834537 
2550.000000 29.694411 38.589320 30.032934 26.904953 38.672282 37.294852 24.252357 23.928337 
2560.000000 29.815629 38.712838 30.154604 27.000758 38.802862 37.423801 24.347323 24.022137 
2570.000000 29.930114 38.840126 30.278175 27.097476 38.930928 37.552264 24.441047 24.115937 
2580.000000 30.043925 38.966755 30.393342 27.193173 39.053088 37.679758 24.535536 24.209736 
2590.000000 30.161272 39.098664 30.512597 27.289215 39.175750 37.808948 24.629833 24.303536 
2600.000000 30.276093 39.219164 30.634107 27.385604 39.302811 37.934261 24.724130 24.397336 
2610.000000 30.391419 39.346075 30.756100 27.482355 39.429998 38.051090 24.817472 24.491136 
2620.000000 30.502705 39.474873 30.870365 27.578398 39.553037 38.185613 24.910910 24.584936 
2630.000000 30.621903 39.597541 30.984566 27.673996 39.680224 38.310198 25.005494 24.678736 
2640.000000 30.739081 39.724359 31.101182 27.768805 39.808164 38.430420 25.099026 24.772535 
2650.000000 30.856428 39.852496 31.221597 27.863062 39.934220 38.559126 25.192273 24.866335 
2660.000000 30.968892 39.973562 31.342656 27.960014 40.065554 38.677894 25.285901 24.960135 
2670.000000 31.083882 40.101039 31.459046 28.056007 40.190981 38.795935 25.380581 25.053935 
2680.000000 31.195672 40.225499 31.580105 28.151357 40.316911 38.922701 25.474973 25.147735 
2690.000000 31.308810 40.356748 31.697364 28.246669 40.441207 39.052861 25.569748 25.241535 
2700.000000 31.426157 40.481019 31.819808 28.342344 40.565126 39.181810 25.663855 25.335334 
2710.000000 31.544850 40.608402 31.942348 28.438186 40.697214 39.310273 25.757865 25.429134 
2720.000000 31.655631 40.737294 32.061024 28.535457 40.823898 39.436070 25.852449 25.522934 
2730.000000 31.772304 40.868449 32.185206 28.629811 40.944047 39.567684 25.946651 25.616734 
2740.000000 31.884936 41.001489 32.309613 28.725183 41.070479 39.687180 26.039993 25.710534 
2750.000000 32.004640 41.130663 32.428740 28.820586 41.202442 39.809826 26.133621 25.804334 
2760.000000 32.120976 41.256726 32.545066 28.917500 41.332268 39.934411 26.227918 25.898133 
2770.000000 32.234282 41.382978 32.660201 29.012861 41.457820 40.061178 26.320687 25.991933 
2780.000000 32.345568 41.510078 32.776688 29.110153 41.593176 40.180673 26.415653 26.085733 
2790.000000 32.468807 41.636235 32.893915 29.207581 41.721871 40.297744 26.510619 26.179533 
2800.000000 32.584133 41.774744 33.018291 29.305030 41.854085 40.413119 26.605108 26.273333 
2810.000000 32.701817 41.898073 33.133393 29.400229 41.980894 40.535280 26.698640 26.367133 
2820.000000 32.818995 42.023664 33.254806 29.496174 42.107076 40.658896 26.792173 26.460932 
2830.000000 32.930617 42.148690 33.371100 29.592325 42.239541 40.775240 26.885897 26.554732 
2840.000000 33.049816 42.275413 33.490903 29.686809 42.358307 40.901037 26.979144 26.648532 
2850.000000 33.175075 42.397610 33.608968 29.781888 42.485745 41.027077 27.073537 26.742332 
2860.000000 33.296799 42.524993 33.727547 29.876772 42.612932 41.150208 27.167929 26.836132 
2870.000000 33.410779 42.649925 33.846063 29.971294 42.738359 41.268733 27.262131 26.929932 
2880.000000 33.523075 42.777968 33.965061 30.066520 42.869064 41.393561 27.355664 27.023731 
2890.000000 33.640253 42.901391 34.084993 30.161605 42.990973 41.524690 27.449770 27.117531 
2900.000000 33.751875 43.027925 34.203766 30.257717 43.122181 41.654608 27.543972 27.211331 
2910.000000 33.862319 43.148991 34.317226 30.354084 43.246351 41.781375 27.637505 27.305131 
2920.000000 33.977477 43.275525 34.432844 30.449218 43.384095 41.908384 27.732184 27.398931 
2930.000000 34.097349 43.398948 34.546015 30.544346 43.510527 42.029818 27.826482 27.492731 
2940.000000 34.210823 43.526897 34.668040 30.641671 43.633692 42.158281 27.920301 27.586530 
2950.000000 34.330695 43.644003 34.787134 30.737340 43.747934 42.288684 28.014598 27.680330 
2960.000000 34.445853 43.775157 34.907678 30.832982 43.880148 42.413027 28.108609 27.774130 
2970.000000 34.562358 43.895751 35.024101 30.928505 44.002433 42.544641 28.203575 27.867930 
2980.000000 34.672970 44.021249 35.140459 31.022854 44.121702 42.668014 28.297872 27.961730 
2990.000000 34.798061 44.148632 35.258234 31.117078 44.243359 42.792115 28.389781 28.055530 
3000.000000 34.914734 44.278466 35.382544 31.212477 44.371425 42.923244 28.483314 28.149329 
3010.000000 35.029219 44.407924 35.502637 31.307659 44.499115 43.050011 28.578376 28.243129 
3020.000000 35.146060 44.537475 35.614198 31.405341 44.620897 43.166355 28.672673 28.336929 
3030.000000 35.260208 44.664858 35.736545 31.500637 44.754493 43.281487 28.766588 28.430729 
3040.000000 35.374861 44.789507 35.851229 31.594185 44.883314 43.415041 28.859930 28.524529 
3050.000000 35.490524 44.917267 35.973640 31.688533 45.010375 43.541080 28.954514 28.618328 
3060.000000 35.607365 45.044650 36.095472 31.784673 45.135425 43.662272 29.048524 28.712128 
3070.000000 35.718314 45.171939 36.212667 31.879639 45.264120 43.789281 29.143013 28.805928 
3080.000000 35.832462 45.309222 36.325870 31.975800 45.390552 43.916048 29.237406 28.899728 
3090.000000 35.950819 45.436699 36.448828 32.069651 45.520881 44.034331 29.331034 28.993528 
3100.000000 36.066987 45.572097 36.567891 32.166581 45.637762 44.160613 29.425045 29.087328 
3110.000000 36.182818 45.707494 36.689014 32.262949 45.760298 44.287865 29.518387 29.181127 
3120.000000 36.298818 45.834972 36.808978 32.360187 45.884469 44.412207 29.611919 29.274927 
3130.000000 36.412797 45.964618 36.928395 32.455796 46.007759 44.528552 29.706026 29.368727 
3140.000000 36.527113 46.092189 37.044560 32.551352 46.123886 44.658469 29.799463 29.462527 
3150.000000 36.650858 46.218912 37.163494 32.644343 46.249691 44.789114 29.893283 29.556327 
3160.000000 36.766857 46.338658 37.279305 32.738464 46.376500 44.918062 29.986433 29.650127 
3170.000000 36.889423 46.470284 37.398078 32.833094 46.505446 45.052585 30.080922 29.743926 
3180.000000 37.000540 46.596535 37.521326 32.927503 46.633638 45.175958 30.174932 29.837726 
3190.000000 37.119402 46.721750 37.635012 33.022685 46.760197 45.293272 30.269039 29.931526 
3200.000000 37.228499 46.846775 37.752819 33.116400 46.889645 45.413979 30.362858 30.025326 
3210.000000 37.344331 46.973404 37.874264 33.212919 47.012685 45.546563 30.457442 30.119126 
3220.000000 37.467065 47.101447 37.992458 33.308415 47.142008 45.666058 30.551835 30.212926 
3230.000000 37.576498 47.231753 38.107818 33.405794 47.269697 45.791613 30.646132 30.306725 
3240.000000 37.692161 47.360173 38.227009 33.500062 47.394999 45.923955 30.740812 30.400525 
3250.000000 37.814222 47.480013 38.347521 33.594930 47.522185 46.055811 30.835586 30.494325 
3260.000000 37.932242 47.606548 38.468097 33.689208 47.643968 46.174579 30.929788 30.588125 
3270.000000 38.046053 47.727991 38.585324 33.784207 47.770903 46.303770 31.023894 30.681925 
3280.000000 38.168787 47.850093 38.704129 33.878880 47.896330 46.428840 31.118478 30.775725 
3290.000000 38.290174 47.973516 38.825349 33.973175 48.025025 46.550759 31.212584 30.869524 
3300.000000 38.412740 48.102031 38.946440 34.068286 48.152337 46.674132 31.305831 30.963324 
3310.000000 38.534801 48.231771 39.064151 34.164145 48.279021 46.803080 31.399555 31.057124 
3320.000000 38.658882 48.355854 39.187399 34.258721 48.399296 46.928393 31.494139 31.150924 
3330.000000 38.778585 48.486537 39.305335 34.354763 48.525603 47.057341 31.588914 31.244724 
3340.000000 38.897952 48.617974 39.423238 34.450232 48.651155 47.179502 31.683115 31.338524 
3350.000000 39.016141 48.752995 39.542848 34.546389 48.775326 47.307481 31.777508 31.432323 
3360.000000 39.131804 48.887167 39.664648 34.641587 48.899622 47.428188 31.871901 31.526123 
3370.000000 39.254874 49.008798 39.785288 34.737072 49.031333 47.544532 31.966294 31.619923 
3380.000000 39.370201 49.135898 39.901131 34.831166 49.153241 47.677601 32.060878 31.713723 
3390.000000 39.475594 49.265167 40.019775 34.927074 49.277663 47.807761 32.155079 31.807523 
3400.000000 39.591762 49.392644 40.137647 35.021666 49.403341 47.932831 32.249281 31.901323 
3410.000000 39.710119 49.523044 40.255743 35.116469 49.529523 48.047721 32.342432 31.995122 
3420.000000 39.830327 49.648070 40.379507 35.211825 49.656709 48.178123 32.436825 32.088922 
3430.000000 39.946159 49.778565 40.501982 35.307640 49.781382 48.309495 32.531600 32.182722 
3440.000000 40.069229 49.899725 40.627194 35.402806 49.902913 48.432141 32.625610 32.276522 
3450.000000 40.181357 50.026542 40.747255 35.497804 50.022308 48.563755 32.720099 32.370322 
3460.000000 40.304091 50.153265 40.870214 35.592602 50.150249 48.682039 32.814778 32.464122 
3470.000000 40.429856 50.281308 40.988568 35.688130 50.277561 48.806139 32.908502 32.557921 
3480.000000 40.550738 50.411143 41.109498 35.782490 50.404496 48.934118 33.002322 32.651721 
3490.000000 40.665054 50.534094 41.229269 35.878960 50.530426 49.058703 33.096428 32.745521 
3500.000000 40.783411 50.667323 41.347849 35.973785 50.659749 49.177956 33.191394 32.839321 
3510.000000 40.905640 50.798855 41.465913 36.070006 50.784045 49.311994 33.285596 32.933121 
3520.000000 41.024333 50.925106 41.581370 36.165621 50.909724 49.439003 33.379033 33.026921 
3530.000000 41.144037 51.056072 41.698598 36.259997 51.036031 49.573041 33.473426 33.120720 
3540.000000 41.261215 51.180626 41.816920 36.355996 51.172266 49.707322 33.568010 33.214520 
3550.000000 41.378898 51.308575 41.937335 36.454749 51.304103 49.844996 33.662402 33.308320 
3560.000000 41.496581 51.438598 42.062547 36.549726 51.428399 49.975883 33.755935 33.402120 
3570.000000 41.622851 51.565038 42.178293 36.645438 51.549805 50.096832 33.850137 33.495920 
3580.000000 41.739524 51.691101 42.293975 36.740940 51.670456 50.223114 33.944339 33.589720 
3590.000000 41.866804 51.819239 42.413746 36.837350 51.802167 50.359334 34.037967 33.683519 
3600.000000 41.982972 51.944076 42.530459 36.933674 51.925332 50.475436 34.132169 33.777319 
3610.000000 42.107727 52.074193 42.652001 37.028039 52.051513 50.600748 34.226466 33.871119 
3620.000000 42.215645 52.199879 42.773188 37.123005 52.171787 50.730181 34.320477 33.964919 
3630.000000 42.328109 52.326319 42.889418 37.218100 52.298471 50.856705 34.414774 34.058719 
3640.000000 42.452358 52.453985 43.004327 37.312308 52.424276 50.977655 34.509263 34.152519 
3650.000000 42.571557 52.580614 43.124066 37.407176 52.554478 51.113874 34.603751 34.246318 
3660.000000 42.684358 52.708940 43.244416 37.502840 52.681037 51.243550 34.697857 34.340118 
3670.000000 42.803556 52.840754 43.359615 37.598369 52.807469 51.373225 34.792536 34.433918 
3680.000000 42.924102 52.966346 43.478292 37.692371 52.935661 51.504112 34.886643 34.527718 
3690.000000 43.037408 53.096180 43.594296 37.787818 53.057444 51.628212 34.980940 34.621518 
3700.000000 43.154586 53.224318 43.716256 37.885068 53.186516 51.759342 35.075333 34.715318 
3710.000000 43.271933 53.348401 43.839472 37.981197 53.316467 51.884412 35.169534 34.809117 
3720.000000 43.389448 53.477198 43.955895 38.077082 53.441894 52.003180 35.263545 34.902917 
3730.000000 43.508983 53.601564 44.074249 38.172318 53.564682 52.134067 35.356600 34.996717 
3740.000000 43.629192 53.731210 44.196242 38.266765 53.694006 52.263500 35.450133 35.090517 
3750.000000 43.745865 53.856047 44.315304 38.363635 53.815537 52.391964 35.543093 35.184317 
3760.000000 43.870787 53.990407 44.440227 38.458400 53.936565 52.515337 35.637199 35.278116 
3770.000000 43.994363 54.114867 44.563926 38.552397 54.065008 52.646466 35.730350 35.371916 
3780.000000 44.108848 54.241685 44.688816 38.646936 54.187168 52.775415 35.824934 35.465716 
3790.000000 44.225858 54.361524 44.810326 38.742053 54.310710 52.901454 35.919136 35.559516 
3800.000000 44.336638 54.484099 44.934765 38.837489 54.430482 53.024585 36.012860 35.653316 
3810.000000 44.458362 54.612142 45.052733 38.932082 54.557165 53.142626 36.107157 35.747116 
3820.000000 44.579244 54.735093 45.164455 39.026484 54.681713 53.270604 36.200117 35.840915 
3830.000000 44.688173 54.862948 45.284838 39.123225 54.812167 53.398825 36.293936 35.934715 
3840.000000 44.800300 54.989576 45.405961 39.217893 54.937469 53.528985 36.388042 36.028515 
3850.000000 44.918825 55.117619 45.528597 39.313162 55.057994 53.645572 36.482244 36.122315 
3860.000000 45.028764 55.246511 45.647821 39.407716 55.180154 53.763613 36.577210 36.216115 
3870.000000 45.150657 55.370028 45.765306 39.504062 55.305958 53.886986 36.671507 36.309915 
3880.000000 45.271539 55.495431 45.890035 39.600147 55.429751 54.011571 36.766664 36.403714 
3890.000000 45.376090 55.622437 46.013960 39.696428 55.556310 54.137369 36.861057 36.497514 
3900.000000 45.485019 55.756043 46.132765 39.792985 55.688649 54.268741 36.955068 36.591314 
3910.000000 45.600850 55.882106 46.254403 39.888805 55.819857 54.401809 37.049174 36.685114 
3920.000000 45.723752 56.015335 46.370053 39.984491 55.950060 54.525910 37.143662 36.778914 
3930.000000 45.839752 56.142812 46.490854 40.079548 56.077373 54.660190 37.237864 36.872714 
3940.000000 45.963496 56.277078 46.609048 40.174346 56.208958 54.792774 37.332257 36.966513 
3950.000000 46.076297 56.402481 46.726501 40.269739 56.331997 54.923661 37.426363 37.060313 
3960.000000 46.196843 56.528356 46.841056 40.365841 56.459058 55.051155 37.520565 37.154113 
3970.000000 46.318061 56.649704 46.963113 40.461424 56.583857 55.179134 37.614862 37.247913 
3980.000000 46.425643 56.771807 47.078087 40.556216 56.713934 55.305416 37.709255 37.341713 
3990.000000 46.552755 56.895136 47.192996 40.650571 56.837476 55.436788 37.803457 37.435513 
4000.000000 46.670606 57.021859 47.315085 40.746413 56.964412 55.563312 37.897181 37.529312 
4010.000000 46.782229 57.143773 47.436723 40.843673 57.086822 55.696138 37.991191 37.623112 
4020.000000 46.895030 57.267573 47.552180 40.939358 57.211747 55.812725 38.086444 37.716912 
4030.000000 47.016248 57.384019 47.670728 41.033777 57.337425 55.937552 38.180263 37.810712 
4040.000000 47.136289 57.512345 47.790112 41.128467 57.465240 56.066500 38.274083 37.904512 
4050.000000 47.261717 57.631713 47.903412 41.223590 57.588782 56.190601 38.367329 37.998312 
4060.000000 47.376369 57.758813 48.019384 41.318869 57.712827 56.318822 38.461722 38.092111 
4070.000000 47.493716 57.887799 48.135999 41.413689 57.835992 56.442922 38.554873 38.185911 
4080.000000 47.618302 58.011976 48.260954 41.509434 57.964058 56.561206 38.648979 38.279711 
4090.000000 47.735312 58.137662 48.373706 41.604102 58.081819 56.699849 38.743276 38.373511 
4100.000000 47.852658 58.265611 48.495377 41.698256 58.205487 56.826131 38.836809 38.467311 
4110.000000 47.966638 58.391297 48.617949 41.792734 58.334182 56.942475 38.931298 38.561111 
4120.000000 48.093413 58.514343 48.733663 41.887689 58.461871 57.065848 39.026168 38.654910 
4130.000000 48.217830 58.638143 48.857813 41.983277 58.589058 57.193585 39.119892 38.748710 
4140.000000 48.332820 58.760528 48.973366 42.080001 58.715239 57.322533 39.214189 38.842510 
4150.000000 48.445789 58.888854 49.086859 42.176082 58.839535 57.462873 39.308678 38.936310 
4160.000000 48.563472 59.010486 49.204505 42.271697 58.964962 57.597881 39.402975 39.030110 
4170.000000 48.680819 59.137114 49.326143 42.367485 59.092023 57.725617 39.497463 39.123910 
4180.000000 48.791768 59.262423 49.440312 42.462824 59.215565 57.841961 39.591474 39.217709 
4190.000000 48.911135 59.387543 49.558666 42.556458 59.341369 57.974545 39.685294 39.311509 
4200.000000 49.026629 59.514172 49.679307 42.652371 59.472326 58.098645 39.780069 39.405309 
4210.000000 49.147175 59.644289 49.803585 42.749296 59.598759 58.226139 39.874270 39.499109 
4220.000000 49.260649 59.769598 49.920394 42.845078 59.727328 58.357511 39.969141 39.592909 
4230.000000 49.377996 59.900187 50.038942 42.943366 59.861050 58.474098 40.062960 39.686709 
4240.000000 49.482379 60.035301 50.153851 43.039999 59.992007 58.598925 40.156589 39.780508 
4250.000000 49.600567 60.163062 50.265251 43.137643 60.117685 58.721814 40.250600 39.874308 
4260.000000 49.717745 60.282430 50.381802 43.233826 60.244495 58.861912 40.345183 39.968108 
4270.000000 49.832230 60.404439 50.501155 43.328505 60.371682 58.977771 40.439958 40.061908 
4280.000000 49.949913 60.506270 50.617352 43.418189 60.468203 59.088783 40.532918 40.155708 
4290.000000 50.067260 60.614135 50.731102 43.507517 60.577292 59.191311 40.627024 40.249508 
4300.000000 50.181071 60.718040 50.848748 43.596730 60.689648 59.299172 40.721321 40.343307 
4310.000000 50.297744 60.819966 50.970709 43.686339 60.796098 59.411638 40.814090 40.437107 
4320.000000 50.410545 60.920948 51.089932 43.775996 60.898652 59.510773 40.908292 40.530907 
4330.000000 50.530753 61.017782 51.209285 43.864144 61.001834 59.608453 41.000583 40.624707 
4340.000000 50.647932 61.116596 51.326641 43.952383 61.104513 59.713648 41.094211 40.718507 
4350.000000 50.762753 61.227101 51.444931 44.042154 61.214230 59.821751 41.188604 40.812307 
4360.000000 50.881951 61.332703 51.561257 44.129615 61.313893 59.927430 41.281850 40.906106 
4370.000000 51.002665 61.434346 51.677840 44.218628 61.420469 60.032867 41.375001 40.999906 
4380.000000 51.120348 61.542023 51.790367 44.306678 61.529809 60.139516 41.468343 41.093706 
4390.000000 51.233991 61.648757 51.911394 44.396374 61.634625 60.251255 41.562067 41.187506 
4400.000000 51.357062 61.749456 52.030972 44.483071 61.734665 60.358146 41.655791 41.281306 
4410.000000 51.473230 61.850156 52.141824 44.572241 61.835836 60.464068 41.750662 41.375106 
4420.000000 51.590913 61.952081 52.260050 44.661293 61.939018 60.567081 41.845341 41.468905 
4430.000000 51.702872 62.049198 52.379145 44.749034 62.042577 60.672760 41.939734 41.562705 
4440.000000 51.819714 62.156592 52.496501 44.839936 62.148399 60.777712 42.033171 41.656505 
4450.000000 51.932010 62.254368 52.610541 44.928739 62.250198 60.883876 42.128042 41.750305 
4460.000000 52.049188 62.353370 52.724581 45.015988 62.351746 60.990768 42.222243 41.844105 
4470.000000 52.168218 62.453504 52.841776 45.103102 62.452164 61.093296 42.315776 41.937905 
4480.000000 52.285228 62.558447 52.954239 45.190384 62.553838 61.200914 42.410169 42.031704 
4490.000000 52.403248 62.657826 53.074976 45.278315 62.661167 61.313138 42.503416 42.125504 
4500.000000 52.519753 62.758714 53.191752 45.368427 62.756934 61.416393 42.597522 42.219304 
4510.000000 52.638783 62.860734 53.312586 45.456196 62.853329 61.516983 42.690099 42.313104 
4520.000000 52.760170 62.965205 53.426272 45.544971 62.955129 61.622662 42.784874 42.406904 
4530.000000 52.868089 63.063170 53.543692 45.633173 63.052656 61.730280 42.878503 42.500703 
4540.000000 52.987624 63.166887 53.659922 45.720476 63.151439 61.835717 42.972991 42.594503 
4550.000000 53.098404 63.272206 53.775861 45.808878 63.259145 61.937276 43.067002 42.688303 
4560.000000 53.213899 63.374697 53.891930 45.897984 63.359939 62.043198 43.159866 42.782103 
4570.000000 53.327373 63.474926 54.009093 45.987219 63.461990 62.141848 43.252539 42.875903 
4580.000000 53.457010 63.577605 54.128639 46.076617 63.562533 62.239528 43.346741 42.969703 
4590.000000 53.571158 63.685753 54.244997 46.164688 63.664710 62.346662 43.441229 43.063502 
4600.000000 53.693387 63.788810 54.367698 46.253972 63.762488 62.453553 43.535717 43.157302 
4610.000000 53.810397 63.890735 54.483798 46.342742 63.864413 62.568201 43.628486 43.251102 
4620.000000 53.922019 63.991718 54.601992 46.433850 63.968600 62.668063 43.722592 43.344902 
4630.000000 54.032126 64.098452 54.720282 46.524173 64.080706 62.773500 43.817749 43.438702 
4640.000000 54.144927 64.202263 54.838539 46.613370 64.187407 62.879421 43.911760 43.532502 
4650.000000 54.262442 64.308902 54.957409 46.703363 64.294485 62.991160 44.005293 43.626301 
4660.000000 54.379957 64.411299 55.070515 46.791310 64.391257 63.094658 44.098539 43.720101 
4670.000000 54.497135 64.515299 55.194890 46.881720 64.496199 63.203731 44.191977 43.813901 
4680.000000 54.621721 64.617507 55.316014 46.971826 64.600261 63.319348 44.286847 43.907701 
4690.000000 54.746981 64.719244 55.434561 47.060418 64.702186 63.417028 44.380285 44.001501 
4700.000000 54.862981 64.822112 55.555459 47.148673 64.800215 63.518345 44.473340 44.095301 
4710.000000 54.982011 64.923283 55.671366 47.238315 64.907168 63.628629 44.566968 44.189100 
4720.000000 55.097337 65.028319 55.788304 47.326846 65.006705 63.726310 44.660692 44.282900 
4730.000000 55.217546 65.133828 55.908333 47.415930 65.112526 63.830535 44.754225 44.376700 
4740.000000 55.331694 65.233113 56.032772 47.503894 65.220484 63.932336 44.847758 44.470500 
4750.000000 55.449714 65.336924 56.153348 47.593730 65.324169 64.043833 44.941100 44.564300 
4760.000000 55.559484 65.439415 56.269738 47.681839 65.430619 64.143937 45.033964 44.658100 
4770.000000 55.666561 65.535023 56.386676 47.770382 65.528019 64.247435 45.127688 44.751899 
4780.000000 55.789295 65.635157 56.503968 47.858735 65.633212 64.344873 45.221794 44.845699 
4790.000000 55.905631 65.735290 56.622516 47.946802 65.739536 64.452007 45.315327 44.939499 
4800.000000 56.020957 65.835613 56.740773 48.035371 65.845106 64.559868 45.408000 45.033299 
4810.000000 56.138641 65.945741 56.856745 48.124282 65.945775 64.671122 45.500387 45.127099 
4820.000000 56.253630 66.046441 56.978545 48.213117 66.046569 64.774135 45.593920 45.220899 
4830.000000 56.367105 66.148554 57.089848 48.301962 66.147489 64.873512 45.686975 45.314698 
4840.000000 56.482262 66.256797 57.208911 48.391972 66.254190 64.981858 45.781177 45.408498 
4850.000000 56.593548 66.361362 57.327007 48.482040 66.352345 65.087294 45.875856 45.502298 
4860.000000 56.711063 66.459045 57.443881 48.571021 66.455527 65.194913 45.969962 45.596098 
4870.000000 56.829251 66.554275 57.561366 48.659477 66.556195 65.302046 46.062253 45.689898 
4880.000000 56.943568 66.654975 57.685773 48.747901 66.659377 65.421299 46.156168 45.783698 
4890.000000 57.060072 66.756995 57.800682 48.836276 66.763062 65.542976 46.250084 45.877497 
4900.000000 57.181291 66.856185 57.919423 48.925657 66.858955 65.652776 46.343330 45.971297 
4910.000000 57.299816 66.958865 58.031628 49.014595 66.959121 65.757970 46.437627 46.065097 
4920.000000 57.406556 67.064185 58.154168 49.104869 67.056270 65.865589 46.532402 46.158897 
4930.000000 57.528785 67.168184 58.270011 49.197248 67.163474 65.977327 46.626317 46.252697 
4940.000000 57.648657 67.276898 58.386594 49.287538 67.274699 66.075978 46.720901 46.346497 
4950.000000 57.764657 67.378541 58.500312 49.374122 67.373985 66.173416 46.813383 46.440296 
4960.000000 57.874427 67.479429 58.613322 49.463136 67.476539 66.286124 46.907680 46.534096 
4970.000000 57.994131 67.580223 58.729294 49.552755 67.574945 66.390834 47.000736 46.627896 
4980.000000 58.115350 67.682242 58.844139 49.639934 67.679384 66.495059 47.095797 46.721696 
4990.000000 58.230844 67.786619 58.963395 49.728980 67.784200 66.593952 47.188470 46.815496 
5000.000000 58.347686 67.885810 59.078626 49.816527 67.882983 66.698904 47.282003 46.909296 
5010.000000 58.466716 67.995844 59.196079 49.904712 67.989182 66.802402 47.375345 47.003095 
5020.000000 58.583726 68.100975 59.310151 49.992276 68.091610 66.897901 47.469069 47.096895 
5030.000000 58.706460 68.207332 59.432723 50.080163 68.197180 67.002610 47.563271 47.190695 
5040.000000 58.829194 68.317931 59.548148 50.171168 68.309410 67.108290 47.657759 47.284495 
5050.000000 58.958831 68.418254 59.661351 50.259191 68.406686 67.214211 47.751674 47.378295 
5060.000000 59.066749 68.512636 59.773427 50.348454 68.518791 67.313589 47.846163 47.472095 
5070.000000 59.183759 68.613336 59.884698 50.436450 68.623481 67.421934 47.940555 47.565894 
5080.000000 59.302621 68.712904 60.006207 50.526199 68.726035 67.519373 48.034566 47.659694 
5090.000000 59.417274 68.814546 60.122018 50.614238 68.829971 67.626991 48.127335 47.753494 
5100.000000 59.532095 68.914868 60.236606 50.703160 68.930388 67.730973 48.221250 47.847294 
5110.000000 59.642707 69.021131 60.352384 50.791951 69.028291 67.838592 48.314974 47.941094 
5120.000000 59.757529 69.120039 60.467390 50.880435 69.130845 67.948634 48.408125 48.034894 
5130.000000 59.864437 69.218570 60.583265 50.967516 69.236792 68.047527 48.500702 48.128693 
5140.000000 59.982962 69.323041 60.707415 51.056887 69.339597 68.156114 48.594426 48.222493 
5150.000000 60.095089 69.438355 60.818107 51.148254 69.447806 68.252098 48.688723 48.316293 
5160.000000 60.210247 69.550463 60.931567 51.242159 69.561671 68.367473 48.782352 48.410093 
5170.000000 60.326752 69.658329 61.048280 51.331135 69.656181 68.482605 48.876458 48.503893 
5180.000000 60.441405 69.761386 61.162513 51.418184 69.767281 68.587800 48.969609 48.597693 
5190.000000 60.558078 69.859068 61.281704 51.507836 69.869206 68.697600 49.063524 48.691492 
5200.000000 60.676603 69.964859 61.401862 51.597217 69.966733 68.811035 49.156770 48.785292 
5210.000000 60.797317 70.062070 61.521536 51.684943 70.070292 68.925440 49.250399 48.879092 
5220.000000 60.915505 70.161638 61.636123 51.774070 70.177370 69.031120 49.343741 48.972892 
5230.000000 61.029485 70.264600 61.751226 51.860312 70.273011 69.134133 49.437751 49.066692 
5240.000000 61.139592 70.370297 61.867166 51.950073 70.375816 69.237873 49.530711 49.160492 
5250.000000 61.261821 70.482688 61.986486 52.040423 70.480507 69.347915 49.624626 49.254291 
5260.000000 61.378662 70.586782 62.106997 52.130848 70.587962 69.453352 49.718637 49.348091 
5270.000000 61.496009 70.687482 62.222937 52.217892 70.691647 69.556123 49.811597 49.441891 
5280.000000 61.618070 70.785258 62.335689 52.305758 70.790807 69.654531 49.904843 49.535691 
5290.000000 61.734911 70.886524 62.447604 52.391785 70.889339 69.771844 49.997612 49.629491 
5300.000000 61.850743 70.988543 62.564284 52.480371 70.992772 69.881886 50.091909 49.723290 
5310.000000 61.972298 71.088488 62.677680 52.568253 71.094949 69.987566 50.186111 49.817090 
5320.000000 62.093349 71.197768 62.797129 52.655833 71.195492 70.092760 50.279643 49.910890 
5330.000000 62.205476 71.298468 62.910848 52.743894 71.294024 70.192865 50.372699 50.004690 
5340.000000 62.330567 71.396998 63.022151 52.831863 71.395446 70.298302 50.466614 50.098490 
5350.000000 62.455827 71.494869 63.140924 52.920535 71.496492 70.407859 50.560911 50.192290 
5360.000000 62.573678 71.601792 63.257604 53.009884 71.597160 70.510145 50.654348 50.286089 
5370.000000 62.677219 71.702397 63.371515 53.098784 71.704364 70.625035 50.749219 50.379889 
5380.000000 62.803826 71.802248 63.486231 53.186677 71.799880 70.717868 50.843803 50.473689 
5390.000000 62.919994 71.911622 63.602203 53.274478 71.900799 70.824274 50.937909 50.567489 
5400.000000 63.039361 72.006476 63.718433 53.361501 71.999206 70.920258 51.032302 50.661289 
5410.000000 63.165799 72.105478 63.834018 53.448317 72.099623 71.023271 51.125357 50.755089 
5420.000000 63.287186 72.212306 63.951310 53.536735 72.198658 71.124588 51.219559 50.848888 
5430.000000 63.402849 72.315834 64.065543 53.624407 72.300834 71.233660 51.313283 50.942688 
5440.000000 63.518512 72.419268 64.184316 53.711477 72.406278 71.335704 51.406625 51.036488 
5450.000000 63.640741 72.522042 64.306019 53.800388 72.506696 71.441868 51.501495 51.130288 
5460.000000 63.765495 72.630285 64.423278 53.887080 72.606359 71.541972 51.594933 51.224088 
5470.000000 63.876781 72.736453 64.538510 53.974616 72.703759 71.649106 51.689039 51.317888 
5480.000000 63.997158 72.841867 64.655254 54.063787 72.807821 71.755997 51.781998 51.411687 
5490.000000 64.114336 72.942849 64.774929 54.151723 72.911129 71.853920 51.876296 51.505487 
5500.000000 64.235218 73.041852 64.887488 54.240076 73.012803 71.964205 51.970115 51.599287 
5510.000000 64.360478 73.141231 65.007387 54.328749 73.113471 72.065764 52.064508 51.693087 
5520.000000 64.470417 73.242402 65.122104 54.416036 73.214014 72.171200 52.158805 51.786887 
5530.000000 64.591972 73.337727 65.241488 54.503085 73.315185 72.278576 52.250523 51.880687 
5540.000000 64.710497 73.437012 65.361195 54.590665 73.415477 72.379166 52.344629 51.974486 
5550.000000 64.834578 73.538655 65.476909 54.678174 73.516397 72.482179 52.438544 52.068286 
5560.000000 64.957818 73.647369 65.599320 54.768058 73.617819 72.594160 52.531504 52.162086 
5570.000000 65.088465 73.752217 65.721828 54.856228 73.718362 72.695476 52.624177 52.255886 
5580.000000 65.204296 73.855462 65.843177 54.944586 73.817774 72.803822 52.717710 52.349686 
5590.000000 65.332081 73.962856 65.964718 55.032615 73.921207 72.907320 52.811434 52.443486 
5600.000000 65.445387 74.071759 66.080755 55.119610 74.020116 73.009606 52.905349 52.537285 
5610.000000 65.567616 74.178964 66.198529 55.206583 74.128325 73.113104 52.999647 52.631085 
5620.000000 65.697589 74.284190 66.313954 55.295245 74.228114 73.227751 53.094039 52.724885 
5630.000000 65.817630 74.383758 66.429765 55.385119 74.332176 73.328340 53.188337 52.818685 
5640.000000 65.938512 74.489266 66.546831 55.473537 74.433850 73.434747 53.282729 52.912485 
5650.000000 66.062256 74.594020 66.665089 55.563119 74.544070 73.531700 53.376071 53.006285 
5660.000000 66.176740 74.693493 66.781544 55.651223 74.641596 73.636410 53.469891 53.100084 
5670.000000 66.294424 74.795136 66.894586 55.739776 74.741636 73.736272 53.564570 53.193884 
5680.000000 66.410255 74.903096 67.011781 55.830456 74.841048 73.848738 53.657721 53.287684 
5690.000000 66.526255 75.008132 67.133516 55.921402 74.951394 73.957568 53.750967 53.381484 
5700.000000 66.648315 75.111472 67.252289 56.010258 75.051434 74.059127 53.844978 53.475284 
5710.000000 66.765662 75.213397 67.370096 56.098790 75.155119 74.158747 53.938989 53.569084 
5720.000000 66.886376 75.315700 67.486519 56.187360 75.257295 74.262487 54.033190 53.662883 
5730.000000 67.002544 75.417625 67.605903 56.277769 75.360352 74.362349 54.126246 53.756683 
5740.000000 67.119049 75.521059 67.716402 56.363731 75.460517 74.465120 54.221021 53.850483 
5750.000000 67.237237 75.623644 67.834627 56.451851 75.560055 74.569830 54.315127 53.944283 
5760.000000 67.353910 75.723306 67.952305 56.538500 75.666002 74.683750 54.408278 54.038083 
5770.000000 67.468731 75.826646 68.072173 56.626653 75.766670 74.791853 54.502193 54.131883 
5780.000000 67.591466 75.933851 68.189143 56.716521 75.875131 74.893169 54.596299 54.225682 
5790.000000 67.712516 76.037945 68.307594 56.804782 75.981832 75.007574 54.690883 54.319482 
5800.000000 67.828852 76.141568 68.423372 56.894948 76.083883 75.114708 54.784893 54.413282 
5810.000000 67.951081 76.241136 68.541019 56.983610 76.183672 75.223054 54.879000 54.507082 
5820.000000 68.068091 76.342778 68.656797 57.071146 76.281575 75.331157 54.972915 54.600882 
5830.000000 68.183923 76.445175 68.771578 57.159164 76.380987 75.429322 55.067021 54.694682 
5840.000000 68.300091 76.547666 68.896951 57.249384 76.480273 75.531123 55.160267 54.788481 
5850.000000 68.416259 76.645725 69.015370 57.339734 76.581821 75.638984 55.252749 54.882281 
5860.000000 68.537478 76.756231 69.129667 57.428369 76.690282 75.752420 55.346760 54.976081 
5870.000000 68.650952 76.859288 69.251499 57.516338 76.795977 75.853251 55.440484 55.069881 
5880.000000 68.763585 76.963004 69.369435 57.606190 76.896897 75.957719 55.534303 55.163681 
5890.000000 68.881941 77.068795 69.488175 57.696989 77.010385 76.068730 55.628218 55.257481 
5900.000000 68.997941 77.176189 69.606272 57.785413 77.107660 76.172955 55.722802 55.351280 
5910.000000 69.117476 77.285846 69.729359 57.874242 77.210339 76.275968 55.816813 55.445080 
5920.000000 69.232466 77.390977 69.847875 57.961865 77.310882 76.377527 55.910537 55.538880 
5930.000000 69.341226 77.495448 69.963943 58.049298 77.420474 76.482479 56.004930 55.632680 
5940.000000 69.455205 77.608782 70.088093 58.137516 77.526798 76.587431 56.099323 55.726480 
5950.000000 69.571710 77.712688 70.203550 58.225891 77.631111 76.700140 56.192378 55.820280 
5960.000000 69.692256 77.821402 70.317332 58.313281 77.734921 76.803638 56.286580 55.914079 
5970.000000 69.811454 77.924647 70.436362 58.401932 77.840743 76.913195 56.379062 56.007879 
5980.000000 69.929306 78.024309 70.553976 58.490258 77.945307 77.017905 56.472403 56.101679 
5990.000000 70.051030 78.126423 70.674230 58.579369 78.050249 77.125281 56.566605 56.195479 
6000.000000 70.165009 78.223540 70.789687 58.665482 78.152300 77.230475 56.659469 56.289279 
6010.000000 70.287407 78.324994 70.911229 58.754528 78.256864 77.338579 56.753098 56.383079 
6020.000000 70.408625 78.429842 71.030130 58.844466 78.361052 77.447409 56.846535 56.476878 
6030.000000 70.519238 78.531296 71.145265 58.933761 78.471649 77.551634 56.941310 56.570678 
6040.000000 70.632207 78.649721 71.262654 59.026925 78.585891 77.670159 57.035703 56.664478 
6050.000000 70.749890 78.760887 71.380139 59.118005 78.695859 77.784807 57.129714 56.758278 
6060.000000 70.873298 78.861586 71.497044 59.207490 78.802058 77.890244 57.223056 56.852078 
6070.000000 70.994685 78.962474 71.617717 59.296774 78.902977 77.998832 57.316588 56.945877 
6080.000000 71.116914 79.062042 71.736683 59.386317 78.996608 78.098209 57.410026 57.039677 
6090.000000 71.226179 79.154822 71.852816 59.475125 79.102178 78.206797 57.504419 57.133477 
6100.000000 71.347566 79.260047 71.963507 59.563641 79.201841 78.319505 57.599385 57.227277 
6110.000000 71.475520 79.357164 72.082924 59.653428 79.299242 78.426881 57.693969 57.321077 
6120.000000 71.596907 79.458335 72.197898 59.740190 79.407577 78.543953 57.787502 57.414877 
6130.000000 71.713243 79.554131 72.309265 59.829685 79.505732 78.656419 57.881608 57.508676 
6140.000000 71.832442 79.658885 72.431355 59.919326 79.610422 78.767430 57.973994 57.602476 
6150.000000 71.939350 79.763922 72.551254 60.008708 79.711593 78.883775 58.067241 57.696276 
6160.000000 72.052319 79.862170 72.662558 60.097045 79.819425 78.984606 58.161060 57.790076 
6170.000000 72.172191 79.961832 72.777338 60.184386 79.922984 79.086892 58.254306 57.883876 
6180.000000 72.286339 80.062437 72.890058 60.272745 80.016489 79.181664 58.348317 57.977676 
6190.000000 72.407895 80.160025 73.003036 60.361585 80.119922 79.288798 58.442519 58.071475 
6200.000000 72.517497 80.256199 73.123032 60.449457 80.224110 79.389629 58.537007 58.165275 
6210.000000 72.639221 80.358219 73.237040 60.536522 80.330685 79.485856 58.630731 58.259075 
6220.000000 72.754884 80.457598 73.354461 60.624978 80.433993 79.579901 58.724837 58.352875 
6230.000000 72.863812 80.557449 73.471044 60.713742 80.533405 79.684853 58.817702 58.446675 
6240.000000 72.985705 80.660977 73.588626 60.801809 80.633570 79.796349 58.911139 58.540475 
6250.000000 73.096317 80.763468 73.707012 60.890941 80.739769 79.898393 59.004672 58.634274 
6260.000000 73.213663 80.863225 73.823886 60.979197 80.838552 80.003345 59.098491 58.728074 
6270.000000 73.331347 80.969959 73.943174 61.069412 80.931554 80.102237 59.191547 58.821874 
6280.000000 73.446336 81.067547 74.059435 61.158788 81.028829 80.199191 59.285366 58.915674 
6290.000000 73.563009 81.172678 74.173991 61.248808 81.124345 80.306325 59.379281 59.009474 
6300.000000 73.685575 81.275546 74.291250 61.339396 81.226522 80.417094 59.474247 59.103274 
6310.000000 73.814539 81.379169 74.409057 61.429113 81.324802 80.517441 59.568545 59.197073 
6320.000000 73.938788 81.480905 74.524804 61.517374 81.422203 80.618999 59.662555 59.290873 
6330.000000 74.050242 81.584245 74.646571 61.606279 81.522872 80.723952 59.756279 59.384673 
6340.000000 74.173144 81.682870 74.765118 61.695893 81.621529 80.844659 59.849335 59.478473 
6350.000000 74.287124 81.783758 74.888431 61.785199 81.722952 80.948641 59.942772 59.572273 
6360.000000 74.402787 81.884175 75.009329 61.875397 81.823620 81.052139 60.036496 59.666073 
6370.000000 74.518113 81.990437 75.121244 61.966510 81.929442 81.151759 60.131653 59.759872 
6380.000000 74.628388 82.096323 75.234511 62.056151 82.035514 81.255741 60.225950 59.853672 
6390.000000 74.744557 82.202585 75.350129 62.146144 82.140079 81.364572 60.320630 59.947472 
6400.000000 74.862071 82.308282 75.468258 62.236553 82.249796 81.464676 60.413685 60.041272 
6410.000000 74.982954 82.402004 75.588061 62.324923 82.341416 81.560418 60.505880 60.135072 
6420.000000 75.090367 82.484223 75.705321 62.408466 82.419211 81.645737 60.599509 60.228872 
6430.000000 75.200642 82.572477 75.817397 62.491933 82.503290 81.736631 60.693137 60.322671 
6440.000000 75.310918 82.654979 75.938327 62.576991 82.593275 81.829706 60.786766 60.416471 
6450.000000 75.436346 82.736349 76.054846 62.660544 82.678108 81.907754 60.881254 60.510271 
6460.000000 75.551335 82.816965 76.170754 62.745505 82.760302 81.998163 60.975074 60.604071 
6470.000000 75.667335 82.897016 76.285341 62.825957 82.838097 82.082027 61.066505 60.697871 
6480.000000 75.784513 82.980555 76.403438 62.908656 82.919537 82.163226 61.159178 60.791671 
6490.000000 75.895294 83.065980 76.523337 62.993562 83.012288 82.262119 61.253284 60.885470 
6500.000000 76.018701 83.149142 76.639245 63.074665 83.093602 82.353255 61.345288 60.979270 
6510.000000 76.139920 83.234284 76.754444 63.157677 83.181074 82.443906 61.438153 61.073070 
6520.000000 76.265685 83.311883 76.869547 63.239927 83.265404 82.533588 61.532068 61.166870 
6530.000000 76.378317 83.401551 76.986549 63.325223 83.356144 82.628360 61.626843 61.260670 
6540.000000 76.492465 83.485090 77.101877 63.406092 83.442862 82.713922 61.719898 61.354470 
6550.000000 76.617388 83.568157 77.213888 63.487633 83.525936 82.805785 61.812667 61.448269 
6560.000000 76.734229 83.657260 77.328089 63.572036 83.614162 82.899103 61.904480 61.542069 
6570.000000 76.838612 83.741270 77.439972 63.656228 83.700126 82.985149 61.998490 61.635869 
6580.000000 76.961683 83.826129 77.556717 63.740133 83.790992 83.067317 62.090590 61.729669 
6590.000000 77.073642 83.910046 77.671562 63.824796 83.875448 83.156999 62.183359 61.823469 
6600.000000 77.192167 83.990473 77.781448 63.905384 83.958144 83.240137 62.275554 61.917269 
6610.000000 77.311197 84.074201 77.892623 63.989414 84.038578 83.314791 62.367654 62.011068 
6620.000000 77.433763 84.155666 78.002187 64.070771 84.125925 83.404231 62.458990 62.104868 
6630.000000 77.550773 84.238922 78.120735 64.153372 84.209752 83.492701 62.553000 62.198668 
6640.000000 77.666436 84.322272 78.234775 64.236801 84.288553 83.575596 62.645291 62.292468 
6650.000000 77.786140 84.411563 78.353644 64.320279 84.369741 83.657764 62.736818 62.386268 
6660.000000 77.904665 84.497837 78.463918 64.403167 84.456585 83.740417 62.829873 62.480068 
6670.000000 78.022348 84.581470 78.581660 64.484767 84.539156 83.827675 62.921686 62.573867 
6680.000000 78.142052 84.669441 78.692963 64.565404 84.624869 83.912267 63.015602 62.667667 
6690.000000 78.256368 84.752414 78.807808 64.648811 84.704172 83.995647 63.108275 62.761467 
6700.000000 78.373378 84.836519 78.921494 64.731872 84.785486 84.086298 63.201903 62.855267 
6710.000000 78.481128 84.916946 79.031349 64.815707 84.864160 84.168709 63.295245 62.949067 
6720.000000 78.600663 85.000014 79.148802 64.898217 84.948616 84.253543 63.389065 63.042867 
6730.000000 78.714306 85.082799 79.268605 64.980574 85.031564 84.338377 63.482024 63.136666 
6740.000000 78.827948 85.169450 79.387152 65.063955 85.106720 84.426120 63.574888 63.230466 
6750.000000 78.942938 85.249783 79.501869 65.146799 85.185269 84.510470 63.668612 63.324266 
6760.000000 79.059106 85.332568 79.618516 65.232977 85.271861 84.595789 63.762432 63.418066 
6770.000000 79.176284 85.417521 79.731816 65.318647 85.362099 84.689107 63.856252 63.511866 
6780.000000 79.296493 85.508132 79.850235 65.404283 85.452461 84.777334 63.949211 63.605666 
6790.000000 79.411819 85.593557 79.966207 65.487902 85.536289 84.860229 64.042553 63.699465 
6800.000000 79.529671 85.683696 80.082339 65.572164 85.624892 84.941428 64.135513 63.793265 
6810.000000 79.647691 85.767424 80.194866 65.656984 85.714878 85.022142 64.229141 63.887065 
6820.000000 79.773624 85.848511 80.315281 65.739315 85.796569 85.110127 64.322388 63.980865 
6830.000000 79.893832 85.929316 80.429836 65.823198 85.879014 85.204899 64.415347 64.074665 
6840.000000 80.007307 86.012195 80.547933 65.906184 85.965104 85.295551 64.508594 64.168464 
6850.000000 80.124317 86.094603 80.668155 65.989521 86.052325 85.388626 64.602031 64.262264 
6860.000000 80.244020 86.176633 80.778782 66.071830 86.133890 85.481701 64.695469 64.356064 
6870.000000 80.355138 86.254138 80.894915 66.154474 86.217090 85.575019 64.788524 64.449864 
6880.000000 80.473158 86.335697 81.014911 66.236908 86.303682 85.659368 64.881484 64.543664 
6890.000000 80.593030 86.414616 81.132139 66.320959 86.380095 85.744688 64.974921 64.637464 
6900.000000 80.704652 86.498344 81.247273 66.403284 86.467818 85.833642 65.067212 64.731263 
6910.000000 80.824356 86.580186 81.358609 66.486849 86.551897 85.922840 65.160076 64.825063 
6920.000000 80.940860 86.661839 81.471200 66.569320 86.635348 86.005735 65.253705 64.918863 
6930.000000 81.067635 86.749621 81.585626 66.650087 86.719049 86.087176 65.346473 65.012663 
6940.000000 81.188012 86.839289 81.699151 66.734831 86.810669 86.169829 65.438764 65.106463 
6950.000000 81.305359 86.925562 81.817409 66.817892 86.892989 86.254905 65.530291 65.200263 
6960.000000 81.421190 87.003444 81.930741 66.901029 86.972669 86.338285 65.624397 65.294062 
6970.000000 81.540389 87.085381 82.043171 66.984610 87.060644 86.425543 65.717930 65.387862 
6980.000000 81.656388 87.174766 82.158177 67.071134 87.151761 86.522982 65.810985 65.481662 
6990.000000 81.770873 87.263962 82.271187 67.156105 87.243757 86.622117 65.905282 65.575462 
7000.000000 81.885862 87.347501 82.390249 67.238528 87.325071 86.711314 65.999293 65.669262 
7010.000000 82.007418 87.429909 82.508282 67.322092 87.409904 86.797602 66.092921 65.763062 
7020.000000 82.124933 87.509299 82.627377 67.405873 87.492726 86.881467 66.184066 65.856861 
7030.000000 82.243795 87.596138 82.742479 67.488561 87.573035 86.969210 66.277694 65.950661 
7040.000000 82.352050 87.672134 82.856970 67.571984 87.651333 87.056468 66.369508 66.044461 
7050.000000 82.471417 87.749451 82.971107 67.653936 87.735035 87.143484 66.461894 66.138261 
7060.000000 82.585396 87.831010 83.085951 67.738399 87.813332 87.247709 66.555045 66.232061 
7070.000000 82.703585 87.915397 83.199734 67.823570 87.904323 87.334967 66.648865 66.325861 
7080.000000 82.821605 88.003745 83.316028 67.909808 87.989282 87.430466 66.742111 66.419660 
7090.000000 82.936089 88.084738 83.432450 67.991982 88.071853 87.517967 66.834020 66.513460 
7100.000000 83.052425 88.164223 83.544977 68.074117 88.157691 87.600377 66.928126 66.607260 
7110.000000 83.173139 88.243614 83.656152 68.156437 88.233475 87.682303 67.020608 66.701060 
7120.000000 83.282573 88.325550 83.771254 68.239255 88.317177 87.767137 67.113950 66.794860 
7130.000000 83.397057 88.406637 83.881946 68.321142 88.403393 87.853668 67.207578 66.888660 
7140.000000 83.513731 88.488668 83.997982 68.404160 88.488351 87.945047 67.300347 66.982459 
7150.000000 83.631582 88.571453 84.112537 68.485879 88.575070 88.032063 67.393975 67.076259 
7160.000000 83.749939 88.651032 84.227479 68.567041 88.657515 88.117382 67.487890 67.170059 
7170.000000 83.863413 88.727405 84.342935 68.647954 88.736567 88.206336 67.580850 67.263859 
7180.000000 83.983622 88.816507 84.459068 68.732156 88.817252 88.301593 67.674383 67.357659 
7190.000000 84.105178 88.900801 84.567345 68.814790 88.898943 88.386912 67.768012 67.451459 
7200.000000 84.224713 88.990468 84.681417 68.899491 88.986038 88.480715 67.860589 67.545258 
7210.000000 84.336672 89.075139 84.790628 68.981248 89.069112 88.567003 67.954218 67.639058 
7220.000000 84.454355 89.154718 84.906696 69.064255 89.154699 88.650141 68.047368 67.732858 
7230.000000 84.576753 89.237126 85.024407 69.148669 89.234756 88.738611 68.139182 67.826658 
7240.000000 84.695109 89.319250 85.134776 69.232931 89.318961 88.824657 68.232619 67.920458 
7250.000000 84.807068 89.401281 85.251489 69.315651 89.403417 88.905371 68.325674 68.014258 
7260.000000 84.928961 89.483029 85.364852 69.397798 89.485987 88.991902 68.419112 68.108057 
7270.000000 85.042267 89.568359 85.478410 69.479285 89.568056 89.078918 68.511307 68.201857 
7280.000000 85.158940 89.658216 85.596184 69.563433 89.645474 89.165449 68.605031 68.295657 
7290.000000 85.268373 89.744772 85.708647 69.646922 89.733071 89.253434 68.697609 68.389457 
7300.000000 85.384036 89.829065 85.827677 69.732050 89.821675 89.346267 68.789900 68.483257 
7310.000000 85.503067 89.911002 85.936920 69.813970 89.907136 89.435222 68.882859 68.577057 
7320.000000 85.623780 89.991806 86.052087 69.895353 89.983046 89.519329 68.974481 68.670856 
7330.000000 85.745336 90.083926 86.170119 69.979410 90.061344 89.604890 69.067346 68.764656 
7340.000000 85.864871 90.165768 86.284674 70.062152 90.145800 89.690452 69.158681 68.858456 
7350.000000 85.987269 90.253833 86.400743 70.143227 90.224600 89.773347 69.252692 68.952256 
7360.000000 86.100070 90.346140 86.506863 70.227084 90.312072 89.863271 69.344887 69.046056 
7370.000000 86.222804 90.436091 86.621385 70.311768 90.396403 89.946409 69.438038 69.139856 
7380.000000 86.337120 90.517556 86.738645 70.394743 90.478722 90.031970 69.529374 69.233655 
7390.000000 86.452278 90.604395 86.856613 70.478751 90.562801 90.124803 69.622238 69.327455 
7400.000000 86.573328 90.687557 86.970331 70.562418 90.639842 90.207214 69.714911 69.421255 
7410.000000 86.694210 90.767325 87.080411 70.645079 90.724801 90.284777 69.806629 69.515055 
7420.000000 86.816439 90.851430 87.191779 70.727301 90.803098 90.372520 69.899015 69.608855 
7430.000000 86.937321 90.929029 87.303694 70.809491 90.879762 90.461232 69.992739 69.702655 
7440.000000 87.064265 91.007948 87.416575 70.891670 90.959694 90.545097 70.085985 69.796454 
7450.000000 87.183631 91.089318 87.530550 70.972740 91.047669 90.635748 70.178181 69.890254 
7460.000000 87.295422 91.174931 87.644945 71.055855 91.134135 90.720098 70.270472 69.984054 
7470.000000 87.414957 91.252342 87.754992 71.135378 91.212936 90.802993 70.363336 70.077854 
7480.000000 87.540554 91.332769 87.864074 71.217178 91.295130 90.892675 70.455818 70.171654 
7490.000000 87.652849 91.420269 87.977985 71.301998 91.378957 90.979206 70.547822 70.265454 
7500.000000 87.768344 91.502016 88.090963 71.386509 91.465801 91.077371 70.641546 70.359253 
7510.000000 87.891415 91.587347 88.206645 71.467979 91.543345 91.161478 70.734315 70.453053 
7520.000000 88.014991 91.668435 88.319622 71.550077 91.621265 91.248009 70.827370 70.546853 
7530.000000 88.136041 91.746034 88.431666 71.632835 91.706601 91.329450 70.918801 70.640653 
7540.000000 88.254230 91.823821 88.546189 71.715550 91.785024 91.418405 71.010519 70.734453 
7550.000000 88.371239 91.905569 88.662097 71.798151 91.873502 91.508330 71.104912 70.828253 
7560.000000 88.493132 91.985996 88.778229 71.880639 91.957832 91.597527 71.197489 70.922052 
7570.000000 88.613340 92.069158 88.895779 71.963018 92.032737 91.674120 71.288825 71.015852 
7580.000000 88.731697 92.152509 89.013683 72.045527 92.113799 91.753622 71.380542 71.109652 
7590.000000 88.854263 92.229636 89.130910 72.127030 92.193228 91.834820 71.473502 71.203452 
7600.000000 88.971778 92.314496 89.244982 72.209464 92.273537 91.919655 71.566462 71.297252 
7610.000000 89.096701 92.399072 89.359763 72.292806 92.350829 92.004247 71.657606 71.391051 
7620.000000 89.212532 92.476482 89.475638 72.373768 92.430886 92.093201 71.749802 71.484851 
7630.000000 89.335434 92.557758 89.593896 72.455768 92.514085 92.179005 71.843239 71.578651 
7640.000000 89.463724 92.638940 89.710544 72.540496 92.598541 92.260446 71.936199 71.672451 
7650.000000 89.582418 92.716162 89.823296 72.622096 92.679981 92.340433 72.030114 71.766251 
7660.000000 89.699764 92.798664 89.935855 72.702755 92.760415 92.435447 72.122596 71.860051 
7670.000000 89.820478 92.878149 90.048736 72.783857 92.832680 92.512525 72.215747 71.953850 
7680.000000 89.935131 92.961594 90.163001 72.864229 92.908465 92.602692 72.307178 72.047650 
7690.000000 90.055003 93.047396 90.283996 72.948491 92.994806 92.691162 72.400329 72.141450 
7700.000000 90.177569 93.135744 90.402608 73.031807 93.087179 92.781571 72.493002 72.235250 
7710.000000 90.301650 93.218623 90.523151 73.113044 93.169373 92.869556 72.587108 72.329050 
7720.000000 90.425394 93.304142 90.636065 73.196344 93.254332 92.952694 72.679590 72.422850 
7730.000000 90.546613 93.385701 90.754065 73.277998 93.332630 93.042861 72.771785 72.516649 
7740.000000 90.664296 93.474143 90.865143 73.359971 93.411179 93.137875 72.865509 72.610449 
7750.000000 90.792754 93.559851 90.976543 73.443357 93.495258 93.224164 72.958374 72.704249 
7760.000000 90.908754 93.646030 91.092353 73.527165 93.573178 93.308998 73.050951 72.798049 
7770.000000 91.028458 93.727117 91.207327 73.610567 93.654618 93.397468 73.143911 72.891849 
7780.000000 91.149508 93.809902 91.321238 73.693157 93.739074 93.484484 73.236679 72.985649 
7790.000000 91.266013 93.896081 91.430771 73.776938 93.820765 93.572954 73.328875 73.079448 
7800.000000 91.374268 93.982544 91.549898 73.858820 93.905472 93.664090 73.422790 73.173248 
7810.000000 91.494477 94.067591 91.665805 73.944062 93.998097 93.753045 73.516132 73.267048 
7820.000000 91.606941 94.153959 91.782228 74.029293 94.080794 93.839091 73.610047 73.360848 
7830.000000 91.717890 94.245513 91.894819 74.114994 94.168517 93.923441 73.703102 73.454648 
7840.000000 91.839951 94.329240 92.011725 74.199425 94.249454 94.011426 73.796444 73.548448 
7850.000000 91.959149 94.412968 92.130562 74.283730 94.329260 94.089958 73.888544 73.642247 
7860.000000 92.085587 94.493301 92.241511 74.367641 94.417612 94.179155 73.982363 73.736047 
7870.000000 92.208995 94.576180 92.356356 74.450962 94.506844 94.264717 74.075228 73.829847 
7880.000000 92.326005 94.654062 92.474324 74.532086 94.586021 94.347855 74.167901 73.923647 
7890.000000 92.442173 94.736564 92.593966 74.614903 94.668341 94.430992 74.261338 74.017447 
7900.000000 92.561876 94.820952 92.711129 74.697066 94.749780 94.524552 74.355062 74.111247 
7910.000000 92.685284 94.902982 92.827101 74.779197 94.826696 94.611326 74.447162 74.205046 
7920.000000 92.805998 94.983787 92.944747 74.862967 94.911906 94.700523 74.539357 74.298846 
7930.000000 92.921324 95.073266 93.054280 74.947630 94.992843 94.785842 74.633655 74.392646 
7940.000000 93.041701 95.156051 93.167257 75.030426 95.075288 94.874070 74.727761 74.486446 
7950.000000 93.157532 95.236950 93.281104 75.112843 95.162886 94.966175 74.821007 74.580246 
7960.000000 93.273869 95.316529 93.394790 75.194448 95.241435 95.044708 74.912629 74.674046 
7970.000000 93.392731 95.398937 93.510118 75.278824 95.331546 95.130269 75.004538 74.767845 
7980.000000 93.509740 95.477856 93.626605 75.361106 95.415751 95.219951 75.096638 74.861645 
7990.000000 93.626414 95.565732 93.742866 75.444627 95.500961 95.303816 75.190744 74.955445 
8000.000000 93.749484 95.648046 93.859675 75.529637 95.579510 95.390832 75.283799 75.049245 
8010.000000 93.879626 95.731208 93.971655 75.612411 95.665223 95.469849 75.376377 75.143045 
8020.000000 93.998656 95.815124 94.087272 75.696446 95.752695 95.562439 75.469814 75.236845 
8030.000000 94.112131 95.902435 94.203083 75.780773 95.837654 95.660847 75.563061 75.330644 
8040.000000 94.227962 95.985031 94.321180 75.864208 95.921481 95.746408 75.656403 75.424444 
8050.000000 94.346487 96.070456 94.438086 75.946939 96.006188 95.838272 75.747929 75.518244 
8060.000000 94.461477 96.150600 94.556408 76.030379 96.090896 95.930378 75.840984 75.612044 
8070.000000 94.582696 96.232160 94.665973 76.112915 96.170450 96.017636 75.935377 75.705844 
8080.000000 94.698864 96.314944 94.790315 76.194131 96.247742 96.100289 76.027286 75.799644 
8090.000000 94.819409 96.394901 94.903293 76.277620 96.328931 96.191425 76.120055 75.893443 
8100.000000 94.939955 96.485794 95.018138 76.360389 96.410622 96.273351 76.213014 75.987243 
8110.000000 95.054776 96.568390 95.133401 76.443883 96.496586 96.357700 76.306261 76.081043 
8120.000000 95.175995 96.653910 95.247924 76.526716 96.580791 96.446897 76.399698 76.174843 
8130.000000 95.290311 96.731226 95.365120 76.609329 96.660848 96.524218 76.492849 76.268643 
8140.000000 95.400418 96.809862 95.481768 76.692265 96.739774 96.613415 76.586668 76.362443 
8150.000000 95.511872 96.895475 95.597933 76.777924 96.822847 96.701643 76.680010 76.456242 
8160.000000 95.627535 96.976091 95.714903 76.860817 96.911325 96.776782 76.773161 76.550042 
8170.000000 95.747575 97.066891 95.832999 76.947363 97.011868 96.882218 76.865834 76.643842 
8180.000000 95.865595 97.152881 95.949068 77.033806 97.097958 96.981596 76.958507 76.737642 
8190.000000 95.993380 97.241889 96.062528 77.119697 97.185178 97.072974 77.051849 76.831442 
8200.000000 96.106518 97.321751 96.182042 77.203462 97.266115 97.162172 77.144427 76.925242 
8210.000000 96.231272 97.400199 96.299494 77.287178 97.348561 97.240946 77.237864 77.019041 
8220.000000 96.343063 97.485812 96.412021 77.371370 97.437918 97.326265 77.331684 77.112841 
8230.000000 96.450139 97.568503 96.526802 77.455167 97.519735 97.413281 77.424739 77.206641 
8240.000000 96.566476 97.646856 96.643418 77.539316 97.600420 97.504417 77.518559 77.300441 
8250.000000 96.679445 97.729735 96.756073 77.621663 97.682614 97.594099 77.610467 77.394241 
8260.000000 96.804873 97.808748 96.869952 77.704404 97.760409 97.678449 77.702663 77.488041 
8270.000000 96.918684 97.882953 96.985023 77.787444 97.841974 97.767646 77.795718 77.581840 
8280.000000 97.028791 97.967058 97.101703 77.872345 97.922409 97.860721 77.889155 77.675640 
8290.000000 97.143612 98.048994 97.216000 77.954297 98.003974 97.946283 77.983357 77.769440 
8300.000000 97.252709 98.126781 97.329976 78.038007 98.085414 98.031602 78.076794 77.863240 
8310.000000 97.372076 98.202023 97.441183 78.120895 98.162329 98.118618 78.169850 77.957040 
8320.000000 97.491106 98.285091 97.551520 78.203540 98.239370 98.212420 78.260803 78.050840 
8330.000000 97.603234 98.366179 97.668104 78.284967 98.322443 98.300890 78.354049 78.144639 
8340.000000 97.727146 98.443683 97.776638 78.367557 98.400364 98.386694 78.447391 78.238439 
8350.000000 97.852743 98.518925 97.897536 78.449444 98.480673 98.461106 78.540064 78.332239 
8360.000000 97.973456 98.600484 98.008260 78.530194 98.559222 98.535760 78.633597 78.426039 
8370.000000 98.088278 98.679686 98.123394 78.612704 98.642169 98.629078 78.726748 78.519839 
8380.000000 98.210507 98.760114 98.238851 78.696089 98.722855 98.713427 78.820377 78.613638 
8390.000000 98.328190 98.841201 98.352054 78.778198 98.804672 98.793414 78.914387 78.707438 
8400.000000 98.453449 98.917103 98.469925 78.864506 98.886991 98.880672 79.007538 78.801238 
8410.000000 98.570628 98.996022 98.582291 78.948823 98.959759 98.968415 79.101453 78.895038 
8420.000000 98.696056 99.076261 98.696589 79.034016 99.042832 99.048159 79.194986 78.988838 
8430.000000 98.813570 99.157443 98.808407 79.115794 99.130556 99.127903 79.288519 79.082638 
8440.000000 98.928897 99.230705 98.923413 79.200176 99.216646 99.212011 79.381192 79.176437 
8450.000000 99.044728 99.314150 99.040898 79.283405 99.298840 99.284241 79.475394 79.270237 
8460.000000 99.157697 99.395426 99.160412 79.365925 99.380405 99.375377 79.567876 79.364037 
8470.000000 99.277401 99.476419 99.280730 79.450241 99.458577 99.452698 79.661409 79.457837 
8480.000000 99.393737 99.558167 99.396573 79.534455 99.543410 99.541895 79.755037 79.551637 
8490.000000 99.507380 99.642554 99.519499 79.619681 99.627866 99.634001 79.847615 79.645437 
8500.000000 99.625737 99.730336 99.636405 79.703900 99.714081 99.717623 79.940766 79.739236 
8510.000000 99.741568 99.814724 99.744295 79.786853 99.802182 99.801003 80.034108 79.833036 
8520.000000 99.856558 99.897792 99.858561 79.872322 99.891539 99.888019 80.126781 79.926836 
8530.000000 99.976430 99.981331 99.974661 79.958754 99.981023 99.977943 80.220218 80.020636 
8540.000000 100.000000 100.000000 100.000000 80.052865 100.000000 100.000000 80.313751 80.114436 
8550.000000 100.000000 100.000000 100.000000 80.147852 100.000000 100.000000 80.406806 80.208236 
8560.000000 100.000000 100.000000 100.000000 80.244290 100.000000 100.000000 80.499384 80.302035 
8570.000000 100.000000 100.000000 100.000000 80.340808 100.000000 100.000000 80.593012 80.395835 
8580.000000 100.000000 100.000000 100.000000 80.435314 100.000000 100.000000 80.685494 80.489635 
8590.000000 100.000000 100.000000 100.000000 80.531654 100.000000 100.000000 80.779123 80.583435 
8600.000000 100.000000 100.000000 100.000000 80.624482 100.000000 100.000000 80.871605 80.677235 
8610.000000 100.000000 100.000000 100.000000 80.718138 100.000000 100.000000 80.963609 80.771035 
8620.000000 100.000000 100.000000 100.000000 80.812769 100.000000 100.000000 81.057715 80.864834 
8630.000000 100.000000 100.000000 100.000000 80.904011 100.000000 100.000000 81.150293 80.958634 
8640.000000 100.000000 100.000000 100.000000 80.997760 100.000000 100.000000 81.243635 81.052434 
8650.000000 100.000000 100.000000 100.000000 81.089289 100.000000 100.000000 81.335830 81.146234 
8660.000000 100.000000 100.000000 100.000000 81.188936 100.000000 100.000000 81.428981 81.240034 
8670.000000 100.000000 100.000000 100.000000 81.279848 100.000000 100.000000 81.521176 81.333834 
8680.000000 100.000000 100.000000 100.000000 81.373867 100.000000 100.000000 81.613372 81.427633 
8690.000000 100.000000 100.000000 100.000000 81.467485 100.000000 100.000000 81.706618 81.521433 
8700.000000 100.000000 100.000000 100.000000 81.559350 100.000000 100.000000 81.798622 81.615233 
8710.000000 100.000000 100.000000 100.000000 81.657146 100.000000 100.000000 81.890436 81.709033 
8720.000000 100.000000 100.000000 100.000000 81.755921 100.000000 100.000000 81.983969 81.802833 
8730.000000 100.000000 100.000000 100.000000 81.848246 100.000000 100.000000 82.077024 81.896633 
8740.000000 100.000000 100.000000 100.000000 81.939451 100.000000 100.000000 82.168359 81.990432 
8750.000000 100.000000 100.000000 100.000000 82.033805 100.000000 100.000000 82.261128 82.084232 
8760.000000 100.000000 100.000000 100.000000 82.124994 100.000000 100.000000 82.353323 82.178032 
8770.000000 100.000000 100.000000 100.000000 82.218591 100.000000 100.000000 82.446856 82.271832 
8780.000000 100.000000 100.000000 100.000000 82.313995 100.000000 100.000000 82.538956 82.365632 
8790.000000 100.000000 100.000000 100.000000 82.408094 100.000000 100.000000 82.631152 82.459432 
8800.000000 100.000000 100.000000 100.000000 82.502741 100.000000 100.000000 82.724302 82.553231 
8810.000000 100.000000 100.000000 100.000000 82.595261 100.000000 100.000000 82.816116 82.647031 
8820.000000 100.000000 100.000000 100.000000 82.686888 100.000000 100.000000 82.908693 82.740831 
8830.000000 100.000000 100.000000 100.000000 82.779397 100.000000 100.000000 83.001557 82.834631 
8840.000000 100.000000 100.000000 100.000000 82.873145 100.000000 100.000000 83.094230 82.928431 
8850.000000 100.000000 100.000000 100.000000 82.966103 100.000000 100.000000 83.187763 83.022231 
8860.000000 100.000000 100.000000 100.000000 83.058655 100.000000 100.000000 83.280723 83.116030 
8870.000000 100.000000 100.000000 100.000000 83.153843 100.000000 100.000000 83.373587 83.209830 
8880.000000 100.000000 100.000000 100.000000 83.249415 100.000000 100.000000 83.466069 83.303630 
8890.000000 100.000000 100.000000 100.000000 83.342800 100.000000 100.000000 83.559124 83.397430 
8900.000000 100.000000 100.000000 100.000000 83.437701 100.000000 100.000000 83.650556 83.491230 
8910.000000 100.000000 100.000000 100.000000 83.534533 100.000000 100.000000 83.743802 83.585030 
8920.000000 100.000000 100.000000 100.000000 83.629564 100.000000 100.000000 83.837621 83.678829 
8930.000000 100.000000 100.000000 100.000000 83.726277 100.000000 100.000000 83.930581 83.772629 
8940.000000 100.000000 100.000000 100.000000 83.819111 100.000000 100.000000 84.024210 83.866429 
8950.000000 100.000000 100.000000 100.000000 83.915798 100.000000 100.000000 84.118125 83.960229 
8960.000000 100.000000 100.000000 100.000000 84.012273 100.000000 100.000000 84.210607 84.054029 
8970.000000 100.000000 100.000000 100.000000 84.107363 100.000000 100.000000 84.302707 84.147829 
8980.000000 100.000000 100.000000 100.000000 84.200565 100.000000 100.000000 84.395571 84.241628 
8990.000000 100.000000 100.000000 100.000000 84.294686 100.000000 100.000000 84.488817 84.335428 
9000.000000 100.000000 100.000000 100.000000 84.387947 100.000000 100.000000 84.581681 84.429228 
9010.000000 100.000000 100.000000 100.000000 84.481268 100.000000 100.000000 84.675023 84.523028 
9020.000000 100.000000 100.000000 100.000000 84.575763 100.000000 100.000000 84.767410 84.616828 
9030.000000 100.000000 100.000000 100.000000 84.669771 100.000000 100.000000 84.860178 84.710628 
9040.000000 100.000000 100.000000 100.000000 84.762886 100.000000 100.000000 84.953138 84.804427 
9050.000000 100.000000 100.000000 100.000000 84.856071 100.000000 100.000000 85.045142 84.898227 
9060.000000 100.000000 100.000000 100.000000 84.948434 100.000000 100.000000 85.138771 84.992027 
9070.000000 100.000000 100.000000 100.000000 85.040321 100.000000 100.000000 85.230680 85.085827 
9080.000000 100.000000 100.000000 100.000000 85.135465 100.000000 100.000000 85.323926 85.179627 
9090.000000 100.000000 100.000000 100.000000 85.229819 100.000000 100.000000 85.416695 85.273427 
9100.000000 100.000000 100.000000 100.000000 85.321679 100.000000 100.000000 85.509845 85.367226 
9110.000000 100.000000 100.000000 100.000000 85.416136 100.000000 100.000000 85.602136 85.461026 
9120.000000 100.000000 100.000000 100.000000 85.515393 100.000000 100.000000 85.696625 85.554826 
9130.000000 100.000000 100.000000 100.000000 85.610959 100.000000 100.000000 85.789584 85.648626 
9140.000000 100.000000 100.000000 100.000000 85.705319 100.000000 100.000000 85.882544 85.742426 
9150.000000 100.000000 100.000000 100.000000 85.799354 100.000000 100.000000 85.974644 85.836225 
9160.000000 100.000000 100.000000 100.000000 85.893762 100.000000 100.000000 86.065788 85.930025 
9170.000000 100.000000 100.000000 100.000000 85.986736 100.000000 100.000000 86.158653 86.023825 
9180.000000 100.000000 100.000000 100.000000 86.080457 100.000000 100.000000 86.251994 86.117625 
9190.000000 100.000000 100.000000 100.000000 86.173746 100.000000 100.000000 86.344572 86.211425 
9200.000000 100.000000 100.000000 100.000000 86.269577 100.000000 100.000000 86.436576 86.305225 
9210.000000 100.000000 100.000000 100.000000 86.366420 100.000000 100.000000 86.529249 86.399024 
9220.000000 100.000000 100.000000 100.000000 86.464719 100.000000 100.000000 86.622591 86.492824 
9230.000000 100.000000 100.000000 100.000000 86.558132 100.000000 100.000000 86.714787 86.586624 
9240.000000 100.000000 100.000000 100.000000 86.650971 100.000000 100.000000 86.808415 86.680424 
9250.000000 100.000000 100.000000 100.000000 86.742436 100.000000 100.000000 86.898413 86.774224 
9260.000000 100.000000 100.000000 100.000000 86.835410 100.000000 100.000000 86.991182 86.868024 
9270.000000 100.000000 100.000000 100.000000 86.928606 100.000000 100.000000 87.084524 86.961823 
9280.000000 100.000000 100.000000 100.000000 87.020682 100.000000 100.000000 87.178152 87.055623 
9290.000000 100.000000 100.000000 100.000000 87.112477 100.000000 100.000000 87.270539 87.149423 
9300.000000 100.000000 100.000000 100.000000 87.203455 100.000000 100.000000 87.363116 87.243223 
9310.000000 100.000000 100.000000 100.000000 87.296559 100.000000 100.000000 87.457604 87.337023 
9320.000000 100.000000 100.000000 100.000000 87.392688 100.000000 100.000000 87.551806 87.430823 
9330.000000 100.000000 100.000000 100.000000 87.485078 100.000000 100.000000 87.645626 87.524622 
9340.000000 100.000000 100.000000 100.000000 87.580114 100.000000 100.000000 87.739063 87.618422 
9350.000000 100.000000 100.000000 100.000000 87.673727 100.000000 100.000000 87.833551 87.712222 
9360.000000 100.000000 100.000000 100.000000 87.767870 100.000000 100.000000 87.926893 87.806022 
9370.000000 100.000000 100.000000 100.000000 87.862565 100.000000 100.000000 88.020044 87.899822 
9380.000000 100.000000 100.000000 100.000000 87.955410 100.000000 100.000000 88.114055 87.993622 
9390.000000 100.000000 100.000000 100.000000 88.046636 100.000000 100.000000 88.207301 88.087421 
9400.000000 100.000000 100.000000 100.000000 88.139162 100.000000 100.000000 88.298923 88.181221 
9410.000000 100.000000 100.000000 100.000000 88.232022 100.000000 100.000000 88.391501 88.275021 
9420.000000 100.000000 100.000000 100.000000 88.327150 100.000000 100.000000 88.485034 88.368821 
9430.000000 100.000000 100.000000 100.000000 88.428739 100.000000 100.000000 88.579522 88.462621 
9440.000000 100.000000 100.000000 100.000000 88.523992 100.000000 100.000000 88.672768 88.556421 
9450.000000 100.000000 100.000000 100.000000 88.615153 100.000000 100.000000 88.766206 88.650220 
9460.000000 100.000000 100.000000 100.000000 88.707305 100.000000 100.000000 88.859166 88.744020 
9470.000000 100.000000 100.000000 100.000000 88.804847 100.000000 100.000000 88.952316 88.837820 
9480.000000 100.000000 100.000000 100.000000 88.899266 100.000000 100.000000 89.045754 88.931620 
9490.000000 100.000000 100.000000 100.000000 88.991455 100.000000 100.000000 89.137185 89.025420 
9500.000000 100.000000 100.000000 100.000000 89.086329 100.000000 100.000000 89.227278 89.119220 
9510.000000 100.000000 100.000000 100.000000 89.180727 100.000000 100.000000 89.320238 89.213019 
9520.000000 100.000000 100.000000 100.000000 89.276894 100.000000 100.000000 89.411765 89.306819 
9530.000000 100.000000 100.000000 100.000000 89.371253 100.000000 100.000000 89.505107 89.400619 
9540.000000 100.000000 100.000000 100.000000 89.463822 100.000000 100.000000 89.597875 89.494419 
9550.000000 100.000000 100.000000 100.000000 89.555579 100.000000 100.000000 89.689402 89.588219 
9560.000000 100.000000 100.000000 100.000000 89.648439 100.000000 100.000000 89.782648 89.682019 
9570.000000 100.000000 100.000000 100.000000 89.740634 100.000000 100.000000 89.875703 89.775818 
9580.000000 100.000000 100.000000 100.000000 89.834291 100.000000 100.000000 89.967326 89.869618 
9590.000000 100.000000 100.000000 100.000000 89.926989 100.000000 100.000000 90.059999 89.963418 
9600.000000 100.000000 100.000000 100.000000 90.019639 100.000000 100.000000 90.153914 90.057218 
9610.000000 100.000000 100.000000 100.000000 90.111179 100.000000 100.000000 90.245154 90.151018 
9620.000000 100.000000 100.000000 100.000000 90.206009 100.000000 100.000000 90.338113 90.244818 
9630.000000 100.000000 100.000000 100.000000 90.300694 100.000000 100.000000 90.431838 90.338617 
9640.000000 100.000000 100.000000 100.000000 90.396379 100.000000 100.000000 90.525848 90.432417 
9650.000000 100.000000 100.000000 100.000000 90.489424 100.000000 100.000000 90.618903 90.526217 
9660.000000 100.000000 100.000000 100.000000 90.582750 100.000000 100.000000 90.711099 90.620017 
9670.000000 100.000000 100.000000 100.000000 90.674566 100.000000 100.000000 90.804918 90.713817 
9680.000000 100.000000 100.000000 100.000000 90.768250 100.000000 100.000000 90.898929 90.807617 
9690.000000 100.000000 100.000000 100.000000 90.861906 100.000000 100.000000 90.990647 90.901416 
9700.000000 100.000000 100.000000 100.000000 90.953397 100.000000 100.000000 91.083511 90.995216 
9710.000000 100.000000 100.000000 100.000000 91.046799 100.000000 100.000000 91.176853 91.089016 
9720.000000 100.000000 100.000000 100.000000 91.138778 100.000000 100.000000 91.268953 91.182816 
9730.000000 100.000000 100.000000 100.000000 91.232862 100.000000 100.000000 91.360670 91.276616 
9740.000000 100.000000 100.000000 100.000000 91.325998 100.000000 100.000000 91.453057 91.370416 
9750.000000 100.000000 100.000000 100.000000 91.417355 100.000000 100.000000 91.546685 91.464215 
9760.000000 100.000000 100.000000 100.000000 91.510800 100.000000 100.000000 91.640027 91.558015 
9770.000000 100.000000 100.000000 100.000000 91.604142 100.000000 100.000000 91.732700 91.651815 
9780.000000 100.000000 100.000000 100.000000 91.698783 100.000000 100.000000 91.824705 91.745615 
9790.000000 100.000000 100.000000 100.000000 91.789902 100.000000 100.000000 91.917664 91.839415 
9800.000000 100.000000 100.000000 100.000000 91.880603 100.000000 100.000000 92.009764 91.933215 
9810.000000 100.000000 100.000000 100.000000 91.972122 100.000000 100.000000 92.103584 92.027014 
9820.000000 100.000000 100.000000 100.000000 92.066298 100.000000 100.000000 92.195588 92.120814 
9830.000000 100.000000 100.000000 100.000000 92.162281 100.000000 100.000000 92.286924 92.214614 
9840.000000 100.000000 100.000000 100.000000 92.254654 100.000000 100.000000 92.379597 92.308414 
9850.000000 100.000000 100.000000 100.000000 92.348635 100.000000 100.000000 92.472556 92.402214 
9860.000000 100.000000 100.000000 100.000000 92.441361 100.000000 100.000000 92.565134 92.496014 
9870.000000 100.000000 100.000000 100.000000 92.535141 100.000000 100.000000 92.657616 92.589813 
9880.000000 100.000000 100.000000 100.000000 92.628938 100.000000 100.000000 92.751244 92.683613 
9890.000000 100.000000 100.000000 100.000000 92.723768 100.000000 100.000000 92.844586 92.777413 
9900.000000 100.000000 100.000000 100.000000 92.818388 100.000000 100.000000 92.937355 92.871213 
9910.000000 100.000000 100.000000 100.000000 92.911595 100.000000 100.000000 93.030410 92.965013 
9920.000000 100.000000 100.000000 100.000000 93.005348 100.000000 100.000000 93.121459 93.058812 
9930.000000 100.000000 100.000000 100.000000 93.096651 100.000000 100.000000 93.213177 93.152612 
9940.000000 100.000000 100.000000 100.000000 93.189506 100.000000 100.000000 93.306710 93.246412 
9950.000000 100.000000 100.000000 100.000000 93.284326 100.000000 100.000000 93.399001 93.340212 
9960.000000 100.000000 100.000000 100.000000 93.380747 100.000000 100.000000 93.491483 93.434012 
9970.000000 100.000000 100.000000 100.000000 93.475718 100.000000 100.000000 93.584633 93.527812 
9980.000000 100.000000 100.000000 100.000000 93.570110 100.000000 100.000000 93.677975 93.621611 
9990.000000 100.000000 100.000000 100.000000 93.664778 100.000000 100.000000 93.770744 93.715411 
10000.000000 100.000000 100.000000 100.000000 93.763375 100.000000 100.000000 93.864946 93.809211 
10010.000000 100.000000 100.000000 100.000000 93.854991 100.000000 100.000000 93.956854 93.903011 
10020.000000 100.000000 100.000000 100.000000 93.948122 100.000000 100.000000 94.048381 93.996811 
10030.000000 100.000000 100.000000 100.000000 94.040426 100.000000 100.000000 94.140194 94.090611 
10040.000000 100.000000 100.000000 100.000000 94.133270 100.000000 100.000000 94.233632 94.184410 
10050.000000 100.000000 100.000000 100.000000 94.227164 100.000000 100.000000 94.326591 94.278210 
10060.000000 100.000000 100.000000 100.000000 94.321551 100.000000 100.000000 94.420029 94.372010 
10070.000000 100.000000 100.000000 100.000000 94.417063 100.000000 100.000000 94.512224 94.465810 
10080.000000 100.000000 100.000000 100.000000 94.510200 100.000000 100.000000 94.606139 94.559610 
10090.000000 100.000000 100.000000 100.000000 94.602866 100.000000 100.000000 94.700723 94.653410 
10100.000000 100.000000 100.000000 100.000000 94.695564 100.000000 100.000000 94.791868 94.747209 
10110.000000 100.000000 100.000000 100.000000 94.791379 100.000000 100.000000 94.885210 94.841009 
10120.000000 100.000000 100.000000 100.000000 94.885225 100.000000 100.000000 94.976545 94.934809 
10130.000000 100.000000 100.000000 100.000000 94.978210 100.000000 100.000000 95.069123 95.028609 
10140.000000 100.000000 100.000000 100.000000 95.072256 100.000000 100.000000 95.162560 95.122409 
10150.000000 100.000000 100.000000 100.000000 95.165414 100.000000 100.000000 95.254182 95.216209 
10160.000000 100.000000 100.000000 100.000000 95.261251 100.000000 100.000000 95.345518 95.310008 
10170.000000 100.000000 100.000000 100.000000 95.357759 100.000000 100.000000 95.438191 95.403808 
10180.000000 100.000000 100.000000 100.000000 95.452903 100.000000 100.000000 95.532202 95.497608 
10190.000000 100.000000 100.000000 100.000000 95.548902 100.000000 100.000000 95.624110 95.591408 
10200.000000 100.000000 100.000000 100.000000 95.641877 100.000000 100.000000 95.716783 95.685208 
10210.000000 100.000000 100.000000 100.000000 95.734126 100.000000 100.000000 95.810603 95.779008 
10220.000000 100.000000 100.000000 100.000000 95.826684 100.000000 100.000000 95.903563 95.872807 
10230.000000 100.000000 100.000000 100.000000 95.922277 100.000000 100.000000 95.996618 95.966607 
10240.000000 100.000000 100.000000 100.000000 96.016923 100.000000 100.000000 96.089100 96.060407 
10250.000000 100.000000 100.000000 100.000000 96.110580 100.000000 100.000000 96.182537 96.154207 
10260.000000 100.000000 100.000000 100.000000 96.204712 100.000000 100.000000 96.275402 96.248007 
10270.000000 100.000000 100.000000 100.000000 96.297508 100.000000 100.000000 96.369317 96.341807 
10280.000000 100.000000 100.000000 100.000000 96.391045 100.000000 100.000000 96.463423 96.435606 
10290.000000 100.000000 100.000000 100.000000 96.483662 100.000000 100.000000 96.556096 96.529406 
10300.000000 100.000000 100.000000 100.000000 96.578936 100.000000 100.000000 96.649915 96.623206 
10310.000000 100.000000 100.000000 100.000000 96.678258 100.000000 100.000000 96.744499 96.717006 
10320.000000 100.000000 100.000000 100.000000 96.776200 100.000000 100.000000 96.838128 96.810806 
10330.000000 100.000000 100.000000 100.000000 96.872561 100.000000 100.000000 96.931661 96.904606 
10340.000000 100.000000 100.000000 100.000000 96.965796 100.000000 100.000000 97.025194 96.998405 
10350.000000 100.000000 100.000000 100.000000 97.060707 100.000000 100.000000 97.117867 97.092205 
10360.000000 100.000000 100.000000 100.000000 97.154417 100.000000 100.000000 97.212164 97.186005 
10370.000000 100.000000 100.000000 100.000000 97.248717 100.000000 100.000000 97.304646 97.279805 
10380.000000 100.000000 100.000000 100.000000 97.341594 100.000000 100.000000 97.397701 97.373605 
10390.000000 100.000000 100.000000 100.000000 97.433800 100.000000 100.000000 97.491903 97.467405 
10400.000000 100.000000 100.000000 100.000000 97.528030 100.000000 100.000000 97.583525 97.561204 
10410.000000 100.000000 100.000000 100.000000 97.623959 100.000000 100.000000 97.675338 97.655004 
10420.000000 100.000000 100.000000 100.000000 97.717832 100.000000 100.000000 97.768298 97.748804 
10430.000000 100.000000 100.000000 100.000000 97.811212 100.000000 100.000000 97.861258 97.842604 
10440.000000 100.000000 100.000000 100.000000 97.904689 100.000000 100.000000 97.954791 97.936404 
10450.000000 100.000000 100.000000 100.000000 97.996533 100.000000 100.000000 98.048706 98.030204 
10460.000000 100.000000 100.000000 100.000000 98.090508 100.000000 100.000000 98.139755 98.124003 
10470.000000 100.000000 100.000000 100.000000 98.182449 100.000000 100.000000 98.231759 98.217803 
10480.000000 100.000000 100.000000 100.000000 98.274715 100.000000 100.000000 98.324050 98.311603 
10490.000000 100.000000 100.000000 100.000000 98.367900 100.000000 100.000000 98.416341 98.405403 
10500.000000 100.000000 100.000000 100.000000 98.461378 100.000000 100.000000 98.508823 98.499203 
10510.000000 100.000000 100.000000 100.000000 98.554033 100.000000 100.000000 98.601783 98.593003 
10520.000000 100.000000 100.000000 100.000000 98.648327 100.000000 100.000000 98.695889 98.686802 
10530.000000 100.000000 100.000000 100.000000 98.744283 100.000000 100.000000 98.788944 98.780602 
10540.000000 100.000000 100.000000 100.000000 98.838924 100.000000 100.000000 98.881522 98.874402 
10550.000000 100.000000 100.000000 100.000000 98.936033 100.000000 100.000000 98.974864 98.968202 
10560.000000 100.000000 100.000000 100.000000 99.032075 100.000000 100.000000 99.068492 99.062002 
10570.000000 100.000000 100.000000 100.000000 99.126554 100.000000 100.000000 99.160783 99.155802 
10580.000000 100.000000 100.000000 100.000000 99.222596 100.000000 100.000000 99.255176 99.249601 
10590.000000 100.000000 100.000000 100.000000 99.314900 100.000000 100.000000 99.347371 99.343401 
10600.000000 100.000000 100.000000 100.000000 99.413567 100.000000 100.000000 99.439758 99.437201 
10610.000000 100.000000 100.000000 100.000000 99.510583 100.000000 100.000000 99.532431 99.531001 
10620.000000 100.000000 100.000000 100.000000 99.608043 100.000000 100.000000 99.626250 99.624801 
10630.000000 100.000000 100.000000 100.000000 99.707885 100.000000 100.000000 99.718541 99.718601 
10640.000000 100.000000 100.000000 100.000000 99.803018 100.000000 100.000000 99.812265 99.812400 
10650.000000 100.000000 100.000000 100.000000 99.901111 100.000000 100.000000 99.906276 99.906200 
10660.000000 100.000000 100.000000 100.000000 100.000000 100.000000 100.000000 100.000000 100.000000 
