x 0 1 2 3 4 5 6 7 8 
0 295 0 0 0 0 1032 0 751 1665 
10 3214 86 0 0 0 11579 189 8032 18041 
20 5895 322 0 0 0 22093 629 14979 34415 
30 8458 635 0 0 0 31913 1196 21787 51367 
40 11066 897 0 0 0 42070 1847 28461 68151 
50 13682 1160 0 0 0 52357 2386 35396 84691 
60 16502 1335 0 0 0 62398 2768 42415 101490 
70 19546 1335 0 0 0 73327 2768 49914 117500 
80 22609 1357 0 0 0 83680 2806 57359 133911 
90 25360 1522 0 0 0 93843 3189 64467 150536 
100 28007 1777 0 0 0 103995 3670 71221 167395 
110 30548 2078 0 0 0 114117 4234 78064 184131 
120 33161 2294 0 0 0 124684 4751 84986 200504 
130 35760 2592 2 0 0 134503 5332 91649 217539 
140 38351 2835 2 0 0 144309 5873 98448 234623 
150 40800 3092 2 0 0 154356 6418 105483 251415 
160 43317 3408 2 0 0 164062 7050 112255 268551 
170 45978 3634 2 0 0 174260 7481 119356 285095 
180 48617 3895 3 0 0 183926 7960 126162 302508 
190 51247 4157 3 0 0 193823 8494 132846 319722 
200 53854 4402 3 0 0 203904 9026 139677 336581 
210 56364 4684 3 0 0 213543 9530 146495 354077 
220 58898 4943 3 0 0 223428 10114 153375 371050 
230 61578 5238 3 0 0 233434 10695 160156 387790 
240 64105 5520 3 0 0 243290 11185 167022 404904 
250 67005 5625 3 0 0 253535 11384 174431 421398 
260 69689 5868 3 0 0 263243 11836 181647 438254 
270 72267 6109 3 0 0 273015 12369 188568 455249 
280 74784 6366 3 0 0 283038 12879 195539 472234 
290 77233 6674 3 0 0 292750 13461 202414 489510 
300 79913 6943 3 0 0 302902 13959 209351 506248 
310 82461 7240 3 0 0 312847 14532 216222 523155 
320 85083 7501 3 0 0 323325 15135 223175 539447 
330 87642 7789 3 0 0 332993 15681 230075 556630 
340 90353 7992 3 0 0 343348 16054 237152 573246 
350 93004 8193 3 0 0 353555 16492 244028 590069 
360 95584 8467 3 0 0 363350 16974 251024 607024 
370 98235 8746 3 0 0 372926 17472 257996 624114 
380 100728 9045 3 0 0 382962 18039 264835 641042 
390 103602 9159 3 0 0 393812 18297 272071 657018 
400 106406 9359 3 0 0 404078 18589 279155 673651 
410 109266 9457 3 0 0 414568 18799 286203 690250 
420 111817 9721 3 0 0 424688 19242 292946 707250 
430 114472 9924 3 0 0 434725 19663 300008 724316 
440 116990 10226 3 0 0 444766 20263 306806 741104 
450 119579 10488 3 0 0 454710 20817 313646 757987 
460 122206 10758 3 0 0 464883 21300 320507 774752 
470 124785 11049 3 0 0 475048 21908 327313 791433 
480 127318 11320 3 0 0 484967 22396 334225 808439 
490 129946 11529 3 0 0 494828 22856 341030 825760 
500 132551 11807 3 0 0 504512 23469 347792 842905 
510 135206 12059 6 0 0 514327 23993 354815 859798 
520 137673 12363 6 0 0 524263 24531 361710 876793 
530 140261 12612 6 0 0 534202 25010 368640 893639 
540 142948 12876 6 0 0 544115 25543 375532 910561 
550 145555 13134 6 0 0 554311 26080 382277 927476 
560 148285 13368 6 0 0 564566 26519 389156 943992 
570 150813 13650 6 0 0 574679 27106 395938 960868 
580 153352 13962 8 0 0 584603 27681 402725 977815 
590 156056 14200 8 0 0 594778 28142 409625 994496 
600 158572 14472 8 0 0 604628 28735 416307 1011684 
610 161092 14732 8 0 0 614942 29205 423192 1028382 
620 163625 14992 8 0 0 624774 29758 429960 1045663 
630 166140 15282 8 0 0 634404 30291 436669 1063085 
640 168737 15546 8 0 0 644293 30797 443554 1080023 
650 171332 15809 8 0 0 654322 31278 450432 1096985 
660 174287 15914 8 0 0 665147 31495 457773 1112945 
670 176771 16209 8 0 0 674961 32039 464561 1130202 
680 179236 16488 10 0 0 684693 32580 471342 1147555 
690 181918 16705 10 0 0 694422 32982 478207 1164923 
700 184432 16966 10 0 0 704148 33566 485059 1182170 
710 187043 17250 10 0 0 714134 34011 491811 1199106 
720 189583 17534 10 0 0 724106 34552 498576 1216205 
730 192062 17832 10 0 0 733601 35145 505440 1233564 
740 194646 18122 10 0 0 743500 35672 512240 1250545 
750 197204 18425 10 0 0 753563 36230 519055 1267559 
760 199757 18686 10 0 0 763750 36726 525844 1284362 
770 202437 18895 10 0 0 773464 37127 532884 1301496 
780 205057 19132 10 0 0 783647 37581 539748 1318396 
790 207560 19424 10 0 0 793058 38112 546378 1336118 
800 210208 19677 10 0 0 803076 38609 553276 1353066 
810 212821 19933 10 0 0 812878 39178 559986 1370293 
820 215351 20201 10 0 0 823011 39761 566677 1387167 
830 217874 20471 10 0 0 832765 40307 573468 1404327 
840 220225 20848 10 0 0 842266 41021 580058 1421820 
850 222742 21158 11 0 0 851763 41590 586757 1439343 
860 225287 21399 11 0 0 861965 42045 593718 1455997 
870 227815 21680 11 0 0 872075 42590 600561 1472914 
880 230306 21988 11 0 0 881652 43219 607404 1490080 
890 233202 22120 11 0 0 891623 43505 614600 1506862 
900 235907 22343 11 0 0 901420 43945 621533 1523951 
910 238394 22617 11 0 0 911311 44488 628279 1541077 
920 240962 22890 11 0 0 921265 45048 635263 1557806 
930 243530 23184 11 0 0 931227 45541 642209 1574728 
940 246096 23469 13 0 0 941003 46090 649053 1591747 
950 248744 23724 13 0 0 950867 46582 655968 1608670 
960 251481 23989 13 0 0 960844 47130 662821 1625481 
970 253991 24263 13 0 0 970840 47614 669787 1642594 
980 256578 24501 13 0 0 980896 48079 676827 1659461 
990 259196 24791 13 0 0 990901 48604 683823 1676274 
1000 261740 25056 13 0 0 1000848 49137 690526 1693535 
1010 264343 25337 13 0 0 1010478 49664 697346 1710776 
1020 267005 25578 13 0 0 1020373 50107 704411 1727809 
1030 269543 25873 14 0 0 1030171 50622 711223 1745107 
1040 272092 26133 14 0 0 1039780 51187 718056 1762520 
1050 274653 26397 14 0 0 1049812 51760 724882 1779326 
1060 277238 26692 14 0 0 1059150 52300 731609 1797039 
1070 279827 26969 14 0 0 1068658 52834 738358 1814512 
1080 282370 27270 14 0 0 1078696 53409 745137 1831415 
1090 284907 27571 14 0 0 1088470 54000 751992 1848421 
1100 287538 27790 17 0 0 1098461 54456 758789 1865542 
1110 290376 27913 17 0 0 1108348 54718 766042 1882511 
1120 293080 28138 17 0 0 1118198 55182 773077 1899464 
1130 295692 28399 17 0 0 1128125 55662 779758 1916789 
1140 298326 28666 17 0 0 1137856 56143 786613 1934046 
1150 300890 28995 17 0 0 1147675 56702 793391 1951188 
1160 303630 29231 17 0 0 1157566 57167 800330 1968093 
1170 306215 29512 17 0 0 1167469 57654 807236 1984962 
1180 308982 29771 17 0 0 1177623 58105 814182 2001806 
1190 311548 30068 17 0 0 1187726 58647 821064 2018566 
1200 314245 30304 17 0 0 1197587 59084 828177 2035410 
1210 316834 30556 20 0 0 1207727 59537 835211 2052166 
1220 319368 30803 20 0 0 1217710 60019 842083 2069375 
1230 321886 31072 20 0 0 1227700 60530 849039 2086379 
1240 324466 31328 20 0 0 1238008 61006 855844 2103170 
1250 327087 31607 20 0 0 1247706 61438 862756 2120512 
1260 329754 31881 20 0 0 1257913 61941 869638 2137171 
1270 332297 32144 20 0 0 1267666 62419 876513 2154531 
1280 334976 32374 20 0 0 1277578 62833 883458 2171555 
1290 337594 32629 21 0 0 1287633 63348 890474 2188434 
1300 340289 32846 21 0 0 1298123 63755 897394 2204840 
1310 342914 33102 27 0 0 1308053 64265 904316 2221887 
1320 345586 33369 27 0 0 1317975 64781 911291 2238680 
1330 348139 33676 27 0 0 1328146 65325 918199 2255357 
1340 350822 33973 27 0 0 1337708 65868 925047 2272458 
1350 353349 34292 27 0 0 1347514 66419 931885 2289620 
1360 355910 34618 27 0 0 1357367 66972 938839 2306505 
1370 358471 34914 27 0 0 1367226 67495 945769 2323394 
1380 361013 35230 27 0 0 1377119 68059 952698 2340337 
1390 363511 35574 27 0 0 1386524 68724 959527 2357554 
1400 366059 35857 27 0 0 1396355 69256 966350 2374715 
1410 368588 36147 27 0 0 1406135 69787 973146 2391881 
1420 371025 36454 27 0 0 1416266 70429 980032 2408551 
1430 373587 36743 29 0 0 1426465 71012 986881 2425370 
1440 376248 37050 29 0 0 1436078 71636 993572 2442530 
1450 378801 37380 29 0 0 1445725 72266 1000334 2459652 
1460 381244 37737 32 0 0 1455585 72911 1006969 2476678 
1470 383481 38168 38 0 0 1464799 73770 1013370 2494577 
1480 386054 38440 38 0 0 1474912 74214 1020342 2511328 
1490 388555 38717 38 0 0 1484730 74812 1027220 2528353 
1500 391159 38960 38 0 0 1494640 75279 1034181 2545379 
1510 393788 39219 38 0 0 1504223 75808 1040920 2562932 
1520 396442 39536 38 0 0 1513898 76354 1047825 2579954 
1530 399089 39778 38 0 0 1524028 76807 1054776 2596816 
1540 401591 40122 38 0 0 1533458 77428 1061560 2614202 
1550 404134 40451 38 0 0 1543243 78043 1068309 2631375 
1560 406700 40698 40 0 0 1552889 78515 1075233 2648713 
1570 409326 40939 40 0 0 1563242 78990 1082212 2665208 
1580 411936 41227 40 0 0 1573243 79644 1088995 2682022 
1590 414434 41532 40 0 0 1582920 80266 1095730 2699283 
1600 416900 41857 40 0 0 1592615 80862 1102544 2716599 
1610 419454 42161 40 0 0 1602623 81415 1109284 2733612 
1620 422017 42438 40 0 0 1612601 81930 1116249 2750445 
1630 424528 42744 40 0 0 1622661 82463 1122906 2767433 
1640 427122 43004 40 0 0 1632477 83037 1129729 2784519 
1650 429664 43292 40 0 0 1642757 83625 1136822 2800957 
1660 432238 43576 40 0 0 1652850 84208 1143672 2817697 
1670 434723 43892 40 0 0 1662763 84881 1150615 2834514 
1680 437323 44184 40 0 0 1672422 85486 1157571 2851588 
1690 439873 44525 40 0 0 1682261 86106 1164289 2868639 
1700 442291 44852 40 0 0 1691746 86700 1171127 2886020 
1710 444739 45208 40 0 0 1701336 87374 1178036 2903287 
1720 447047 45590 42 0 0 1710924 88153 1184509 2920753 
1730 449565 45843 42 0 0 1720977 88625 1191481 2937790 
1740 452139 46104 42 0 0 1730745 89205 1198270 2954904 
1750 454720 46370 42 0 0 1741170 89775 1205137 2971403 
1760 457272 46620 42 0 0 1751179 90336 1212093 2988155 
1770 459954 46857 42 0 0 1761185 90787 1219223 3004821 
1780 462605 47101 42 0 0 1771114 91245 1226128 3021740 
1790 465223 47339 44 0 0 1781180 91744 1233151 3038449 
1800 467960 47577 44 0 0 1791291 92251 1240082 3055049 
1810 470482 47879 45 0 0 1801053 92845 1246820 3072103 
1820 473138 48157 45 0 0 1811084 93364 1253658 3088978 
1830 475674 48462 45 0 0 1820934 93926 1260478 3106136 
1840 478106 48753 45 0 0 1830746 94496 1267250 3123370 
1850 480534 49073 45 0 0 1840254 95088 1273952 3140980 
1860 483104 49335 45 0 0 1849818 95682 1280659 3158345 
1870 485622 49645 45 0 0 1859729 96293 1287208 3175504 
1880 488082 49961 45 0 0 1869754 96890 1294028 3192456 
1890 490421 50349 45 0 0 1879144 97622 1300565 3210089 
1900 492675 50723 47 0 0 1888576 98403 1306952 3227825 
1910 495164 51049 47 0 0 1898381 98969 1313568 3245060 
1920 497672 51349 47 0 0 1908077 99564 1320190 3262541 
1930 500151 51642 47 0 0 1917817 100137 1326826 3280020 
1940 502635 51964 47 0 0 1927433 100753 1333545 3297370 
1950 505082 52281 47 0 0 1937866 101317 1340306 3314084 
1960 507604 52616 47 0 0 1947262 101936 1346903 3331685 
1970 510029 52949 47 0 0 1957195 102500 1353528 3348962 
1980 512489 53279 47 0 0 1966935 103128 1360142 3366183 
1990 514843 53648 47 0 0 1976146 103841 1366727 3383955 
2000 517301 53964 54 0 0 1985872 104490 1373434 3401287 
2010 519868 54213 54 0 0 1995744 104987 1380290 3418392 
2020 522386 54542 54 0 0 2005684 105555 1387032 3435442 
2030 524920 54863 54 0 0 2015547 106098 1393689 3452600 
2040 527456 55160 54 0 0 2025182 106669 1400475 3470077 
2050 529961 55470 54 0 0 2034931 107245 1407252 3487305 
2060 532505 55786 54 0 0 2044668 107813 1413843 3504603 
2070 535047 56099 54 0 0 2054312 108412 1420559 3521942 
2080 537404 56498 54 0 0 2064359 109160 1427135 3538871 
2090 539847 56861 60 0 0 2073899 109847 1433799 3556225 
2100 542322 57186 60 0 0 2083909 110429 1440525 3573141 
2110 544727 57486 60 0 0 2093898 111067 1447422 3590166 
2120 547208 57805 60 0 0 2103330 111671 1454408 3607485 
2130 549725 58094 60 0 0 2112775 112243 1461173 3624872 
2140 551446 58748 105 0 0 2121008 113743 1466889 3643472 
2150 549906 60490 525 13 0 2122513 119120 1468484 3668739 
2160 548357 62214 942 30 0 2123938 124669 1470051 3693734 
2170 546818 63928 1362 59 0 2125021 130211 1471613 3719177 
2180 545293 65582 1827 96 0 2126080 135767 1473063 3744635 
2190 543874 67193 2287 125 0 2127487 141112 1474751 3769790 
2200 542431 68448 2979 161 0 2128759 146220 1476060 3796118 
2210 540794 70558 3179 161 0 2130520 151587 1477854 3820735 
2220 539602 72404 3402 162 0 2132858 156553 1479995 3844920 
2230 538048 74261 3775 167 0 2134150 161823 1481496 3870498 
2240 536559 75925 4220 199 0 2135485 167215 1483071 3895734 
2250 535067 77627 4661 219 0 2136507 172755 1484690 3920938 
2260 533682 79339 5053 227 0 2138132 178109 1486593 3945510 
2270 532083 81059 5524 251 0 2139319 183578 1488081 3970893 
2280 530785 82714 5951 252 0 2140714 188816 1489861 3996048 
2290 529277 84358 6406 252 0 2141782 194236 1491379 4021776 
2300 527729 85934 6945 252 0 2143031 199503 1492842 4047652 
2310 526362 87688 7324 258 0 2144949 204724 1494690 4072215 
2320 524855 89366 7758 293 0 2146086 209915 1496278 4098031 
2330 523249 91065 8261 304 0 2147152 215332 1497705 4123655 
2340 521727 92762 8702 316 0 2148645 220664 1499195 4148958 
2350 520274 94405 9166 334 0 2149783 225934 1500636 4174680 
2360 518850 96021 9606 353 0 2151030 231343 1502254 4200076 
2370 517319 97676 10084 373 0 2152464 236687 1503889 4225382 
2380 515839 99390 10501 388 0 2154008 241994 1505606 4250388 
2390 514209 101278 10874 401 0 2155475 247248 1507118 4275811 
2400 512591 103112 11308 402 0 2156777 252475 1508693 4301369 
2410 510976 104840 11778 405 0 2157925 257827 1510227 4327002 
2420 509475 106485 12236 405 0 2159273 263211 1511712 4352528 
2430 508021 108075 12719 407 0 2160407 268660 1513221 4378221 
2440 506357 109924 13181 408 0 2161593 274209 1514786 4403240 
2450 504797 111632 13666 411 0 2162815 279603 1516290 4428597 
2460 503183 113435 14098 414 0 2164353 285241 1517807 4453379 
2470 501553 115202 14575 417 0 2165421 290772 1519299 4478703 
2480 500176 116931 14963 420 0 2167203 296064 1521068 4503395 
2490 499044 118500 15339 422 0 2169428 301038 1523103 4527810 
2500 497505 120149 15789 433 4 2170719 306393 1524597 4553295 
2510 496131 121798 16245 439 4 2172393 311582 1526369 4578174 
2520 494666 123407 16728 463 4 2173600 316938 1527894 4603648 
2530 493361 125198 17034 481 4 2175535 322477 1529739 4627631 
2540 491767 127223 17299 493 4 2177311 327857 1531480 4652201 
2550 490174 129142 17636 509 4 2178703 333267 1532995 4677367 
2560 488675 130881 18006 542 5 2180125 338718 1534495 4702518 
2570 487144 132626 18413 561 5 2181523 344196 1535991 4727719 
2580 485619 134309 18875 573 5 2182724 349578 1537461 4753335 
2590 484028 136116 19299 590 5 2183960 354979 1539000 4778726 
2600 482476 137703 19814 606 5 2185067 360609 1540409 4804110 
2610 480820 139483 20272 616 5 2186312 366203 1541906 4829342 
2620 479184 141286 20684 634 5 2187459 371612 1543414 4854959 
2630 477567 143120 21085 643 5 2188325 376999 1544876 4880839 
2640 475941 144911 21532 648 5 2189342 382467 1546345 4906434 
2650 474452 146592 21968 689 6 2190573 387774 1547918 4931813 
2660 473000 148290 22400 695 6 2191907 393244 1549559 4956952 
2670 471465 150013 22852 708 6 2193390 398619 1551158 4982121 
2680 469853 151749 23344 715 6 2194551 404124 1552600 5007467 
2690 468291 153496 23770 718 6 2195679 409566 1554143 5032864 
2700 466741 155251 24262 722 6 2197072 415138 1555762 5057626 
2710 465248 157012 24662 731 6 2198478 420668 1557336 5082544 
2720 463682 158602 25152 767 8 2199630 426149 1558708 5108140 
2730 462037 160480 25509 806 8 2201127 431582 1560188 5133185 
2740 460516 162157 25918 850 8 2202808 436936 1561588 5158559 
2750 459025 163838 26295 901 8 2203854 442535 1563064 5183913 
2760 457549 165518 26729 921 8 2205019 447922 1564520 5209620 
2770 455967 167224 27159 962 8 2206036 453253 1565952 5235454 
2780 454285 169035 27583 988 8 2207244 458730 1567439 5260865 
2790 452741 170777 27978 1022 8 2208517 464219 1568901 5286313 
2800 451272 172625 28305 1034 8 2210376 469660 1570729 5310683 
2810 449708 174268 28814 1052 9 2211509 474906 1572173 5336640 
2820 448181 175910 29284 1059 9 2212622 480360 1573607 5362270 
2830 446646 177657 29678 1069 9 2213749 485714 1575134 5387951 
2840 445089 179348 30133 1079 9 2214782 491252 1576630 5413454 
2850 443472 181097 30582 1115 9 2215997 496498 1578088 5439104 
2860 442016 182755 31041 1128 9 2217227 501965 1579569 5464479 
2870 440517 184381 31535 1142 9 2218706 507230 1581024 5490000 
2880 438975 186061 32004 1161 9 2219903 512686 1582498 5515439 
2890 437345 187775 32497 1184 9 2220989 518341 1583892 5540580 
2900 435975 189449 32880 1198 9 2222741 523617 1585695 5565376 
2910 434407 191123 33372 1198 9 2223621 529006 1587140 5591248 
2920 433067 192754 33799 1198 9 2225209 534146 1588854 5616457 
2930 431453 194474 34277 1198 9 2226261 539464 1590315 5642308 
2940 429867 196171 34769 1201 9 2227439 545117 1591735 5667496 
2950 428260 197870 35275 1201 9 2228800 550394 1593180 5693194 
2960 426671 199557 35782 1201 9 2229926 555913 1594661 5718580 
2970 425127 201196 36285 1202 9 2231041 561384 1596099 5744198 
2980 423541 202915 36743 1207 9 2232263 566768 1597579 5769763 
2990 422036 204464 37242 1261 9 2233254 572259 1599021 5795304 
3000 420582 206044 37713 1286 9 2234850 577682 1600624 5820348 
3010 419400 207614 38122 1308 9 2236940 582648 1602599 5844926 
3020 418219 209282 38450 1320 9 2238730 587674 1604610 5869803 
3030 416621 211130 38828 1325 9 2240357 592952 1606231 5895022 
3040 415077 212911 39260 1332 9 2241798 598231 1607745 5920441 
3050 413598 214594 39733 1341 9 2243530 603527 1609296 5945379 
3060 412203 216152 40255 1350 9 2245068 608870 1610968 5970483 
3070 410788 217752 40659 1392 9 2246256 614239 1612530 5995997 
3080 409311 219428 41133 1396 9 2247666 619367 1614296 6021355 
3090 407662 221134 41658 1408 9 2248799 624908 1615781 6046589 
3100 406230 222906 42054 1413 9 2250199 630215 1617472 6071760 
3110 404829 224559 42503 1422 9 2251587 635551 1619209 6096806 
3120 403249 226268 42994 1436 9 2252678 641192 1620674 6121991 
3130 401658 227984 43457 1445 9 2253650 646585 1622156 6147781 
3140 400065 229744 43877 1470 9 2254737 651962 1623600 6173564 
3150 398528 231439 44339 1492 9 2255994 657283 1625047 6199009 
3160 396967 233163 44778 1502 9 2257175 662553 1626516 6224748 
3170 395356 235014 45194 1512 9 2258365 667905 1628038 6250187 
3180 393863 236601 45692 1522 9 2259684 673260 1629571 6275693 
3190 392316 238317 46156 1531 9 2260734 678482 1631087 6301570 
3200 390754 240013 46630 1549 9 2261917 683835 1632501 6327137 
3210 389208 241713 47104 1568 9 2263241 689203 1633942 6352521 
3220 387699 243395 47566 1589 9 2264503 694692 1635545 6377702 
3230 386649 244938 47934 1609 10 2266389 699640 1637749 6402301 
3240 384978 246826 48351 1615 10 2267760 704828 1639328 6427803 
3250 383455 248558 48815 1621 10 2269130 710144 1640820 6453273 
3260 381869 250282 49267 1642 10 2270436 715558 1642268 6478590 
3270 380258 252062 49696 1653 10 2271662 720861 1643671 6504367 
3280 378648 253749 50166 1670 10 2272974 726245 1645159 6529767 
3290 377116 255481 50640 1678 10 2274168 731771 1646625 6554976 
3300 375572 257225 51103 1691 10 2275741 737169 1648130 6580121 
3310 373899 259058 51537 1706 10 2276753 742714 1649665 6605392 
3320 372249 260820 52015 1735 10 2278031 748233 1651157 6630539 
3330 370709 262571 52431 1752 10 2279226 753617 1652716 6655960 
3340 369140 264334 52836 1780 15 2280545 759065 1654129 6681322 
3350 367604 265990 53278 1807 15 2281597 764587 1655628 6706838 
3360 366039 267661 53752 1817 15 2282641 770172 1656998 6732140 
3370 364439 269399 54172 1845 15 2283962 775644 1658430 6757399 
3380 362792 271129 54660 1864 15 2285056 780962 1659899 6782939 
3390 361169 272900 55082 1880 15 2286575 786354 1661337 6808212 
3400 359642 274625 55498 1899 15 2287781 791803 1662757 6833522 
3410 357865 276536 55907 1915 15 2288904 797258 1664227 6858975 
3420 356357 278341 56281 1931 15 2290503 802651 1665855 6883834 
3430 354916 279990 56717 1958 15 2292280 808009 1667455 6908669 
3440 353253 281739 57208 1982 16 2293682 813438 1668867 6933817 
3450 351651 283481 57692 1986 16 2294969 818851 1670406 6959166 
3460 350154 285106 58185 2009 16 2296245 824344 1671913 6984414 
3470 348513 286879 58671 2018 16 2297586 829578 1673424 7009958 
3480 347028 288494 59172 2051 16 2298405 835117 1674924 7035494 
3490 345481 290162 59667 2077 16 2299534 840523 1676484 7060881 
3500 343948 291823 60147 2091 16 2300929 845927 1678021 7086147 
3510 342374 293619 60596 2109 16 2302076 851410 1679570 7111360 
3520 340769 295309 61100 2124 16 2303240 856764 1681080 7137028 
3530 339200 296994 61576 2127 16 2304260 862350 1682491 7162520 
3540 337979 298519 62033 2136 16 2306035 867411 1684267 7187527 
3550 337127 299959 62423 2161 16 2308557 872409 1686401 7211351 
3560 335620 301550 62904 2200 16 2310010 877915 1687876 7236465 
3570 334026 303250 63424 2208 16 2310969 883334 1689385 7262079 
3580 332554 304881 63916 2220 16 2312316 888582 1691008 7287552 
3590 331255 306521 64352 2245 16 2314096 893658 1692940 7312380 
3600 329785 308175 64811 2287 17 2315238 898870 1694421 7338122 
3610 328200 309878 65176 2382 23 2316432 904310 1695797 7363504 
3620 326613 311574 65667 2390 23 2317732 909800 1697252 7388783 
3630 325049 313306 66046 2438 23 2318914 915149 1698761 7414354 
3640 323517 314973 66540 2464 23 2320028 920489 1700279 7439984 
3650 321898 316735 66991 2492 23 2321149 925927 1701791 7465396 
3660 320361 318494 67403 2520 23 2322630 931385 1703368 7490363 
3670 318801 320174 67875 2547 23 2323618 936762 1704832 7516133 
3680 317170 321885 68350 2590 23 2324721 942233 1706234 7541507 
3690 315598 323616 68768 2613 24 2326126 947491 1707752 7567082 
3700 314178 325277 69218 2614 24 2327382 953175 1709463 7591779 
3710 312669 327006 69690 2615 24 2328716 958602 1711007 7616951 
3720 311117 328659 70200 2615 24 2329858 963958 1712481 7642625 
3730 309580 330284 70729 2615 24 2330952 969413 1713949 7668145 
3740 308037 331944 71232 2615 24 2332228 974880 1715446 7693556 
3750 306479 333648 71727 2620 24 2333114 980472 1716981 7718947 
3760 304974 335328 72124 2659 27 2334303 986041 1718554 7744033 
3770 303417 337058 72558 2681 27 2335518 991460 1720053 7769406 
3780 301840 338731 73063 2682 27 2337061 997038 1721589 7794245 
3790 300382 340330 73527 2709 27 2338066 1002610 1723062 7819699 
3800 298834 341990 74011 2728 27 2339316 1008174 1724603 7844879 
3810 297247 343699 74502 2743 27 2340299 1013609 1726087 7870463 
3820 295686 345335 74997 2768 27 2341226 1018957 1727564 7896366 
3830 294215 346927 75506 2790 27 2342375 1024429 1729045 7921855 
3840 292676 348566 76024 2804 27 2343757 1029794 1730492 7947296 
3850 291290 350052 76536 2817 27 2345191 1035144 1732022 7972798 
3860 289900 351621 77022 2817 27 2346563 1040541 1733606 7998035 
3870 288443 353225 77534 2817 27 2347835 1045877 1735179 8023478 
3880 286907 354978 77965 2817 27 2349220 1051439 1736725 8048446 
3890 285559 356500 78467 2817 27 2350783 1056867 1738424 8073239 
3900 284509 358057 78852 2817 27 2353406 1061691 1740756 8097027 
3910 283283 359728 79226 2817 27 2355360 1066839 1742726 8121512 
3920 282038 361491 79572 2829 27 2357322 1071858 1744714 8145987 
3930 280433 363152 80046 2850 28 2358620 1077241 1746117 8171638 
3940 278815 364914 80519 2865 28 2359638 1082827 1747520 8197048 
3950 277194 366701 80926 2892 28 2360970 1088175 1748936 8222572 
3960 275605 368336 81450 2911 28 2361980 1093578 1750398 8248396 
3970 274073 369957 81944 2939 28 2362898 1099141 1751722 8274042 
3980 272574 371591 82397 2956 28 2363882 1104562 1753210 8299765 
3990 270970 373311 82881 2970 28 2364950 1109789 1754631 8325647 
4000 269499 374894 83371 2991 28 2365965 1115406 1756118 8351119 
4010 267869 376587 83858 3006 28 2367201 1120917 1757516 8376565 
4020 266358 378118 84406 3030 28 2368069 1126344 1758909 8402518 
4030 264877 379580 84967 3065 28 2369193 1131631 1760274 8428480 
4040 263365 381200 85459 3083 28 2370288 1137058 1761715 8454209 
4050 261806 382882 85951 3099 28 2371249 1142426 1763132 8480026 
4060 260315 384512 86419 3118 28 2372545 1147807 1764561 8505519 
4070 258832 386069 86978 3131 28 2373548 1153222 1766021 8531058 
4080 257247 387699 87491 3151 28 2374804 1158902 1767503 8556119 
4090 255707 389314 87961 3171 28 2375918 1164186 1768970 8582021 
4100 254115 390984 88435 3202 28 2377058 1169709 1770396 8607366 
4110 252551 392708 88897 3219 28 2378479 1175138 1771864 8632560 
4120 251086 394190 89473 3241 30 2379156 1180468 1773195 8658928 
4130 249546 395889 89937 3263 30 2380493 1186068 1774679 8683839 
4140 248100 397564 90389 3268 30 2381903 1191370 1776215 8709261 
4150 246614 399152 90921 3285 30 2382941 1196745 1777710 8734941 
4160 245042 400814 91444 3297 30 2384157 1202091 1779233 8760368 
4170 243523 402474 91936 3318 30 2385382 1207551 1780772 8785664 
4180 242112 404059 92429 3330 30 2386580 1212829 1782341 8811239 
4190 240455 405808 92916 3346 30 2387951 1218174 1783843 8836404 
4200 238964 407365 93436 3371 30 2389100 1223741 1785324 8861652 
4210 237545 408903 93986 3387 30 2390522 1229368 1786900 8886263 
4220 236026 410421 94550 3390 30 2391649 1234788 1788369 8911973 
4230 234719 411949 95056 3390 30 2393022 1240091 1790168 8937053 
4240 233356 413425 95586 3390 30 2394495 1245283 1791857 8962395 
4250 232043 414944 96099 3390 30 2395988 1250310 1793627 8987873 
4260 230637 416607 96557 3391 30 2397511 1255522 1795275 9012967 
4270 229439 417109 97502 3557 35 2397364 1261232 1796388 9039963 
4280 228689 416169 98658 4143 80 2394131 1267364 1796626 9070439 
4290 227927 415362 99871 4637 116 2391231 1273613 1797045 9100130 
4300 227147 414439 101050 5212 154 2388067 1279827 1797318 9130548 
4310 226376 413564 102245 5751 215 2385138 1286036 1797713 9160246 
4320 225704 412733 103329 6330 263 2382185 1292181 1798155 9190181 
4330 225187 412025 104050 6988 362 2380017 1297722 1798766 9219445 
4340 224379 410976 105566 7415 377 2376985 1303923 1798997 9249615 
4350 223573 410173 106973 7793 385 2374229 1310186 1799465 9279202 
4360 222749 409140 108390 8297 415 2370805 1316523 1799701 9309285 
4370 221942 408289 109615 8824 462 2367735 1322633 1800035 9339286 
4380 221265 407318 110816 9412 504 2364797 1328707 1800387 9369150 
4390 220614 406516 112031 9861 534 2362275 1334943 1801035 9398320 
4400 219891 405420 113238 10504 594 2358954 1341235 1801262 9428293 
4410 219080 404590 114485 11027 611 2356027 1347204 1801664 9458426 
4420 218458 403745 115561 11617 643 2353332 1353216 1802169 9488156 
4430 217787 402963 116531 12227 673 2350356 1359316 1802503 9518439 
4440 217079 402237 117594 12790 720 2347747 1365427 1803075 9547718 
4450 216285 401312 118852 13296 772 2344701 1371446 1803332 9578099 
4460 215564 400293 120128 13871 799 2341638 1377395 1803632 9608356 
4470 214810 399295 121245 14566 832 2338286 1383628 1803863 9638415 
4480 214020 398498 122290 15203 855 2334893 1389777 1804133 9668934 
4490 213211 397543 123560 15764 888 2331506 1396153 1804407 9699018 
4500 212452 396637 124640 16414 922 2328316 1402194 1804690 9729594 
4510 211713 395724 125859 16953 957 2325340 1408452 1804996 9759550 
4520 210917 394801 127159 17509 971 2322235 1414546 1805279 9789901 
4530 210261 393734 128327 18099 1023 2318843 1420763 1805486 9820366 
4540 209463 392659 129687 18693 1032 2315722 1426698 1805732 9850869 
4550 208757 391645 130842 19336 1057 2312490 1432892 1805985 9881152 
4560 208007 390632 132113 19923 1068 2309092 1439112 1806214 9911704 
4570 207304 389544 133335 20558 1093 2305726 1445391 1806428 9941995 
4580 206543 388443 134640 21188 1112 2302511 1451639 1806655 9972214 
4590 205755 387424 135900 21805 1130 2299146 1457908 1806905 10002610 
4600 205014 386317 137229 22396 1150 2295604 1464495 1807139 10032695 
4610 204251 385172 138630 22973 1165 2292325 1470721 1807328 10062988 
4620 203510 384233 139890 23502 1185 2288966 1477196 1807631 10093186 
4630 202917 383536 141052 23927 1210 2287011 1483047 1808318 10122282 
4640 202189 382732 142207 24466 1234 2283969 1489128 1808716 10152353 
4650 201537 381945 143312 25025 1260 2281354 1495322 1809268 10181532 
4660 200727 381078 144419 25658 1306 2278056 1501374 1809483 10212010 
4670 199894 380397 145773 26033 1329 2275487 1507819 1810116 10240747 
4680 199060 379440 147243 26457 1369 2272396 1514197 1810468 10270386 
4690 198264 378323 148738 26935 1401 2269047 1520492 1810698 10300585 
4700 197483 377374 149983 27448 1465 2265850 1526602 1810917 10330861 
4710 196716 376339 151314 27983 1506 2262529 1532933 1811103 10361202 
4720 195892 375385 152525 28603 1543 2259190 1539092 1811331 10391572 
4730 195124 374336 153864 29143 1574 2255857 1545307 1811559 10422036 
4740 194423 373311 155038 29736 1626 2252348 1551789 1811786 10452069 
4750 193686 372183 156404 30313 1650 2248946 1558129 1812000 10482526 
4760 192939 371055 157800 30839 1689 2245551 1564412 1812212 10513085 
4770 192175 369957 159216 31350 1711 2242214 1570416 1812383 10544039 
4780 191405 368889 160475 31991 1731 2238678 1576754 1812584 10574401 
4790 190629 368100 161659 32496 1772 2235863 1582828 1813000 10604189 
4800 189849 367084 162812 33192 1790 2232448 1589096 1813207 10634739 
4810 189146 366077 164082 33736 1819 2229206 1595348 1813564 10664948 
4820 188384 365010 165399 34326 1845 2225650 1601796 1813795 10695300 
4830 187659 364065 166557 34977 1855 2222476 1607832 1814164 10725570 
4840 186841 363374 167780 35465 1870 2219975 1613927 1814722 10755185 
4850 186117 362269 169154 35961 1915 2216465 1620358 1814944 10785402 
4860 185420 361229 170267 36609 1976 2213022 1626628 1815149 10815687 
4870 184658 360143 171780 36967 2059 2209871 1632845 1815387 10845700 
4880 183887 359123 173000 37599 2081 2206429 1639377 1815607 10875741 
4890 183123 358199 174247 38054 2169 2203061 1645533 1815830 10906028 
4900 182358 357194 175549 38561 2225 2199708 1651709 1816025 10936414 
4910 181633 356092 176852 39128 2268 2196533 1657765 1816208 10967064 
4920 180905 355059 178145 39637 2325 2193086 1664203 1816415 10997376 
4930 180384 354180 179411 40092 2360 2190897 1670120 1817161 11026461 
4940 179659 353278 180628 40622 2388 2187762 1676475 1817550 11056377 
4950 178968 352279 181675 41245 2484 2184388 1682489 1817751 11087006 
4960 178252 351262 182914 41841 2497 2181158 1688641 1818008 11117416 
4970 177482 350219 184183 42437 2534 2177932 1694743 1818206 11147931 
4980 176764 349220 185394 42985 2577 2174477 1700981 1818409 11178527 
4990 176004 348258 186557 43579 2629 2171229 1707106 1818603 11209073 
5000 175207 347278 187818 44161 2681 2167840 1713266 1818846 11239259 
5010 174409 346375 188962 44762 2721 2164457 1719492 1819060 11269613 
5020 173655 345341 190204 45365 2760 2160968 1725774 1819282 11299863 
5030 172867 344340 191419 45959 2818 2157498 1732233 1819480 11329880 
5040 172219 343627 192596 46452 2821 2155322 1738141 1820264 11359046 
5050 171494 342614 193774 47109 2831 2152302 1743937 1820488 11390022 
5060 170785 341800 194882 47729 2835 2149210 1750061 1820929 11419948 
5070 170071 340704 196154 48344 2849 2145966 1756079 1821171 11450558 
5080 169320 339634 197359 49028 2855 2142491 1762376 1821373 11481217 
5090 168586 338585 198532 49702 2879 2139107 1768518 1821607 11511779 
5100 167912 337451 199739 50379 2894 2135749 1774639 1821807 11542493 
5110 167212 336403 200932 51004 2909 2132336 1780772 1822013 11573276 
5120 166513 335297 202215 51620 2927 2129036 1787042 1822271 11603475 
5130 165823 334337 203307 52194 3003 2125671 1793103 1822461 11634208 
5140 165064 333448 204513 52706 3056 2122510 1799581 1822826 11663949 
5150 164530 332886 205539 53139 3100 2120619 1805365 1823761 11692690 
5160 164038 332567 206588 53445 3124 2119668 1811033 1825209 11719968 
5170 163225 331602 207936 53945 3143 2116289 1817344 1825434 11750251 
5180 162432 330622 209159 54580 3161 2113042 1823455 1825669 11780549 
5190 161671 329636 210417 55150 3189 2109633 1829882 1825930 11810628 
5200 160921 328733 211526 55808 3212 2106465 1836264 1826283 11840570 
5210 160265 327910 212616 56314 3294 2103725 1842187 1826714 11870283 
5220 159552 327026 213735 56923 3322 2100841 1848168 1827139 11900357 
5230 158819 325936 214982 57527 3383 2097678 1854180 1827327 11930580 
5240 158045 325049 216183 58092 3428 2094762 1860117 1827689 11960844 
5250 157410 324213 217320 58616 3470 2092154 1866218 1828211 11990446 
5260 156641 323158 218601 59165 3544 2088801 1872493 1828433 12020911 
5270 155902 322127 219862 59695 3612 2085670 1878569 1828673 12051261 
5280 155109 321127 221168 60220 3669 2082372 1884690 1828912 12081645 
5290 154329 320108 222470 60777 3705 2079047 1890676 1829139 12112197 
5300 153630 319036 223680 61400 3725 2075950 1896654 1829332 12142810 
5310 152828 318069 224907 61998 3765 2072808 1902667 1829571 12173104 
5320 152034 317119 226127 62601 3782 2069357 1909112 1829825 12203168 
5330 151252 316084 227374 63231 3816 2065961 1915177 1830049 12233699 
5340 150467 315069 228638 63836 3853 2062762 1921207 1830293 12263961 
5350 149694 314109 229853 64410 3898 2059518 1927602 1830554 12294028 
5360 148885 313217 231070 64978 3931 2056148 1933973 1830915 12324124 
5370 148214 312329 232314 65498 3954 2053643 1939933 1831471 12353467 
5380 147496 311351 233375 66158 4037 2050310 1946020 1831682 12383838 
5390 146725 310339 234668 66721 4067 2046989 1952226 1831895 12414338 
5400 145965 309305 235926 67304 4118 2043759 1958274 1832122 12444712 
5410 145161 308342 237190 67890 4145 2040583 1964412 1832342 12474937 
5420 144393 307317 238403 68513 4191 2037209 1970632 1832558 12505234 
5430 143585 306339 239621 69130 4237 2033977 1976779 1832803 12535420 
5440 142797 305310 240965 69681 4269 2030577 1983145 1833058 12565408 
5450 142013 304283 242218 70303 4319 2027032 1989539 1833280 12595547 
5460 141231 303252 243545 70860 4349 2023760 1995821 1833521 12625622 
5470 140495 302185 244849 71376 4418 2020510 2001806 1833747 12656059 
5480 139705 301195 246119 71919 4477 2017139 2008112 1833977 12686286 
5490 138989 300218 247303 72417 4573 2013830 2014307 1834209 12716642 
5500 138196 299218 248602 72933 4648 2010506 2020492 1834429 12746744 
5510 137457 298149 249870 73471 4737 2007199 2026720 1834631 12776750 
5520 136738 297096 251197 73929 4811 2003912 2032829 1834857 12807018 
5530 135961 296069 252489 74441 4905 2000489 2039167 1835057 12836999 
5540 135233 294996 253839 74882 4998 1997058 2045482 1835275 12867160 
5550 134475 293893 255223 75376 5071 1993799 2051542 1835511 12897521 
5560 133753 293062 256506 75836 5121 1991262 2057748 1836079 12926608 
5570 132969 292042 257769 76425 5159 1987860 2064268 1836309 12956450 
5580 132275 290934 259008 77050 5185 1984378 2070663 1836523 12986667 
5590 131486 289862 260363 77611 5230 1981123 2077010 1836774 13016660 
5600 130652 288886 261645 78189 5269 1977816 2083193 1836991 13046988 
5610 129881 287814 263002 78721 5322 1974523 2089403 1837219 13077105 
5620 129043 286868 264251 79321 5362 1971327 2095421 1837432 13107731 
5630 128267 285849 265532 79886 5414 1967896 2101663 1837639 13138245 
5640 127481 284801 266824 80483 5449 1964504 2107942 1837868 13168592 
5650 126719 283711 268193 81055 5469 1961076 2114242 1838054 13199049 
5660 125987 282654 269403 81693 5490 1957675 2120369 1838244 13229773 
5670 125219 281624 270668 82302 5517 1954477 2126406 1838462 13260204 
5680 124588 280864 271748 82826 5559 1951955 2132421 1839074 13289708 
5690 123954 280328 272720 83321 5596 1949715 2138566 1839860 13318510 
5700 123153 279367 273968 83891 5650 1946546 2144718 1840189 13348712 
5710 122382 278406 275101 84590 5667 1943316 2150864 1840442 13379092 
5720 121614 277523 276224 85228 5695 1940102 2157025 1840727 13409393 
5730 120880 276841 277361 85711 5741 1937598 2163135 1841319 13438612 
5740 120143 275763 278625 86284 5821 1934309 2169028 1841531 13468903 
5750 119419 274739 279948 86703 5925 1931002 2175474 1841760 13498723 
5760 118686 273695 281175 87298 5959 1927722 2181737 1841975 13528953 
5770 117929 272696 282501 87782 6014 1924638 2187839 1842202 13559086 
5780 117077 271786 283761 88306 6086 1921481 2193930 1842470 13589206 
5790 116267 270813 284951 88951 6122 1918190 2200098 1842695 13619525 
5800 115533 269778 286289 89455 6172 1915124 2206280 1843014 13649529 
5810 114783 268778 287486 90070 6216 1911857 2212413 1843249 13679877 
5820 114041 267683 288852 90604 6254 1908599 2218673 1843473 13709975 
5830 113365 266796 289896 91200 6320 1905576 2224592 1843847 13740226 
5840 112594 265776 291156 91799 6350 1902149 2231095 1844096 13770364 
5850 111880 264865 292302 92396 6378 1898970 2237257 1844488 13800543 
5860 111324 263990 293399 92975 6414 1896641 2242899 1845094 13830246 
5870 110573 263009 294545 93635 6453 1893442 2249017 1845343 13860600 
5880 109983 262119 295612 94233 6498 1890875 2254986 1845952 13890012 
5890 109279 261397 296733 94722 6549 1888176 2261100 1846469 13919672 
5900 108554 260406 297909 95303 6599 1884901 2267301 1846677 13950107 
5910 107781 259409 299151 95863 6660 1881650 2273523 1846930 13980390 
5920 107029 258408 300343 96507 6670 1878214 2279899 1847163 14010668 
5930 106273 257462 301497 97088 6735 1875110 2286037 1847367 14040994 
5940 105509 256481 302728 97686 6756 1871628 2292707 1847615 14070777 
5950 104753 255488 303929 98283 6809 1868454 2298733 1847877 14101209 
5960 104004 254424 305185 98887 6858 1865262 2304767 1848109 14131592 
5970 103182 253497 306369 99518 6886 1862092 2310968 1848353 14161915 
5980 102428 252512 307564 100149 6906 1858805 2317278 1848549 14192181 
5990 101766 251638 308589 100788 6940 1855564 2323635 1848943 14222090 
6000 101016 250701 309695 101428 6969 1852273 2329711 1849190 14252639 
6010 100343 249715 310852 102067 7004 1849400 2335777 1849567 14282489 
6020 99660 248778 312010 102671 7033 1846268 2342061 1850011 14312321 
6030 98957 247961 313062 103294 7065 1843338 2348242 1850429 14342134 
6040 98410 247459 314163 103663 7083 1842000 2354060 1851499 14370159 
6050 97843 246889 315285 104099 7097 1840215 2359929 1852476 14398639 
6060 97137 245996 316538 104637 7124 1837602 2366011 1853041 14427979 
6070 96402 244983 317741 105187 7207 1834224 2372217 1853264 14458444 
6080 95648 243866 319062 105783 7236 1830897 2378424 1853508 14488873 
6090 94940 242807 320288 106354 7296 1827744 2384490 1853758 14519356 
6100 94183 241818 321500 106953 7334 1824364 2390547 1853962 14550030 
6110 93430 240793 322687 107583 7388 1821123 2396787 1854190 14580239 
6120 92663 239817 323891 108182 7423 1817992 2402770 1854423 14610669 
6130 91901 238858 325034 108807 7463 1814751 2408817 1854639 14641328 
6140 91179 237886 326164 109444 7498 1811431 2415106 1854853 14671792 
6150 90499 236782 327419 110046 7533 1808104 2421354 1855080 14702267 
6160 89816 235813 328425 110753 7578 1804674 2427323 1855288 14733164 
6170 89114 234826 329506 111406 7632 1801297 2433502 1855503 14763577 
6180 88357 233816 330733 112000 7670 1797960 2439585 1855706 14794291 
6190 87600 232817 331833 112707 7704 1794628 2445698 1855936 14824745 
6200 86867 231883 332931 113321 7748 1791179 2452068 1856171 14854980 
6210 86103 230913 334035 114007 7795 1787900 2457970 1856375 14885600 
6220 85441 229863 335164 114674 7823 1784315 2464434 1856612 14915828 
6230 84714 228883 336304 115278 7870 1780869 2470736 1856820 14946199 
6240 83980 227781 337554 115902 7915 1777394 2477110 1857063 14976171 
6250 83196 226818 338775 116469 7967 1774071 2483372 1857296 15006376 
6260 82397 225929 339840 117138 8005 1770767 2489434 1857512 15036933 
6270 81598 225019 341004 117740 8049 1767528 2495665 1857753 15067067 
6280 80807 224067 342159 118388 8072 1764071 2501862 1857979 15097621 
6290 80003 223186 343360 118946 8108 1760789 2508001 1858237 15127972 
6300 79222 222222 344508 119633 8134 1757451 2514080 1858461 15158414 
6310 78412 221284 345686 120256 8172 1754190 2520425 1858675 15188431 
6320 77628 220288 346879 120881 8222 1750963 2526448 1858898 15218744 
6330 76826 219349 348019 121510 8272 1747561 2532900 1859139 15248500 
6340 76019 218371 349223 122141 8320 1744145 2539397 1859392 15278271 
6350 75278 217398 350287 122835 8361 1740539 2545814 1859592 15308560 
6360 74526 216458 351382 123486 8390 1737247 2552115 1859835 15338872 
6370 73903 215671 352352 124133 8416 1734606 2557964 1860462 15368606 
6380 73201 214731 353354 124818 8459 1731344 2563921 1860719 15399342 
6390 72511 213921 354441 125402 8492 1728715 2569886 1861278 15428912 
6400 71839 213031 355605 125990 8514 1726070 2576000 1861829 15458395 
6410 71568 212511 355240 126876 8961 1722245 2582008 1862286 15488853 
6420 71345 211880 354527 127729 9684 1717181 2587974 1862312 15520830 
6430 71105 211259 353868 128535 10411 1712141 2593822 1862340 15552841 
6440 70966 210645 353251 129367 11049 1707506 2599833 1862616 15584365 
6450 70726 209990 352472 130264 11837 1702294 2606004 1862669 15616095 
6460 70539 209441 351850 130971 12585 1697665 2611848 1862883 15647763 
6470 70364 208889 351105 131620 13429 1693056 2617452 1862929 15678163 
6480 70161 208211 350266 132759 14025 1687959 2623475 1862971 15710145 
6490 69945 207602 349701 133710 14565 1683360 2629352 1863194 15741970 
6500 69740 206914 348877 134719 15280 1678214 2635286 1863221 15773588 
6510 69563 206277 348201 135601 15982 1673610 2641137 1863410 15804787 
6520 69322 205750 347433 136439 16733 1668821 2646987 1863515 15836264 
6530 69057 205279 346812 137253 17382 1664337 2653064 1863834 15867485 
6540 68862 204715 345994 138000 18220 1659344 2658835 1863855 15899058 
6550 68659 204029 345237 138871 19012 1654367 2664647 1863881 15931037 
6560 68466 203464 344686 139613 19696 1649847 2670540 1864154 15962288 
6570 68285 202826 344059 140322 20447 1644686 2676564 1864186 15994250 
6580 68152 202282 343388 141027 21238 1640215 2682481 1864468 16025103 
6590 67925 201682 342782 141784 21950 1635212 2688511 1864581 16056704 
6600 67708 201036 342079 142669 22668 1630393 2694207 1864647 16088217 
6610 67501 200391 341315 143470 23491 1625347 2700054 1864679 16119925 
6620 67269 199707 340744 144196 24276 1620540 2705693 1864746 16151739 
6630 67092 199041 340003 145073 25011 1615389 2711771 1864808 16183399 
6640 66894 198436 339289 145846 25782 1610527 2717553 1864854 16215406 
6650 66642 197839 338651 146651 26486 1605198 2723806 1864899 16247265 
6660 66368 197235 337926 147622 27142 1600380 2729567 1864951 16279303 
6670 66185 196648 337196 148373 27905 1595314 2735463 1864985 16310878 
6680 66001 195980 336369 149310 28663 1590435 2741161 1865034 16342465 
6690 65820 195388 335592 150009 29527 1585373 2747012 1865063 16374133 
6700 65607 194776 334742 150945 30280 1580302 2752935 1865099 16406130 
6710 65433 194199 333907 151748 31071 1575356 2758645 1865132 16438204 
6720 65222 193580 333075 152637 31858 1570135 2764760 1865167 16470127 
6730 65032 192961 332216 153527 32654 1565143 2770650 1865207 16502118 
6740 64857 192313 331382 154462 33394 1559916 2776729 1865239 16534179 
6750 64678 191677 330513 155468 34089 1554614 2782825 1865273 16566197 
6760 64448 191108 329819 156337 34789 1549950 2788739 1865437 16598240 
6770 64162 190625 329167 157235 35387 1545193 2794799 1865607 16629882 
6780 63985 190067 328696 158033 35980 1541068 2800767 1866106 16660670 
6790 63763 189426 328003 158916 36673 1535881 2806790 1866141 16692368 
6800 63553 188869 327467 159624 37400 1531604 2812594 1866484 16723013 
6810 63358 188276 326870 160481 38035 1526888 2818639 1866726 16754152 
6820 63074 187494 326291 161769 38428 1521801 2824979 1866839 16785945 
6830 62837 186907 325489 162748 39093 1516757 2830933 1866880 16817570 
6840 62673 186220 324740 163729 39731 1511790 2836794 1866909 16849188 
6850 62465 185585 323918 164716 40420 1506662 2842804 1866937 16881052 
6860 62305 184859 323087 165670 41191 1501820 2848415 1866959 16913338 
6870 62112 184187 322336 166587 41901 1496746 2854340 1866984 16945083 
6880 61934 183543 321491 167497 42667 1491481 2860438 1867010 16977107 
6890 61761 182918 320576 168502 43387 1486128 2866644 1867038 17009163 
6900 61571 182267 319732 169502 44083 1481047 2872505 1867059 17041112 
6910 61396 181630 318765 170602 44769 1475984 2878310 1867083 17073606 
6920 61209 180956 317910 171664 45434 1470833 2884185 1867103 17105688 
6930 61021 180356 317057 172537 46214 1465968 2889859 1867122 17137605 
6940 60768 179730 316392 173472 46869 1461035 2895908 1867224 17169395 
6950 60583 179047 315554 174406 47654 1455846 2901913 1867250 17201619 
6960 60376 178410 314748 175324 48394 1450864 2907644 1867279 17234025 
6970 60158 177839 313954 176227 49125 1446024 2913501 1867409 17265707 
6980 60005 177300 313385 177114 49703 1441954 2919335 1867870 17296901 
6990 59790 176739 312767 178078 50265 1437320 2925348 1868108 17328125 
7000 59607 176148 311966 178886 51047 1432272 2931247 1868133 17359615 
7010 59414 175469 311098 180057 51638 1427131 2937323 1868169 17391087 
7020 59210 174859 310281 180995 52336 1421842 2943510 1868190 17422746 
7030 59002 174201 309568 181953 52975 1416575 2949592 1868229 17454361 
7040 58785 173592 308839 182778 53718 1411637 2955363 1868259 17486535 
7050 58606 172933 308036 183680 54470 1406682 2961100 1868285 17518168 
7060 58421 172314 307157 184656 55192 1401628 2966999 1868313 17550421 
7070 58111 171829 306473 185520 55855 1396634 2973087 1868413 17582255 
7080 57855 171279 305874 186452 56438 1391787 2979274 1868612 17613986 
7090 57687 170681 305131 187165 57242 1386783 2985056 1868635 17645650 
7100 57495 170074 304403 187969 57991 1381861 2990837 1868691 17677872 
7110 57322 169419 303523 188957 58722 1376948 2996606 1868719 17709517 
7120 57125 168771 302860 189681 59517 1371997 3002401 1868746 17741646 
7130 56958 168106 302160 190471 60271 1367120 3008007 1868762 17773397 
7140 56761 167457 301407 191363 60986 1362139 3013843 1868783 17805146 
7150 56544 166808 300728 192110 61796 1356915 3019858 1868808 17836834 
7160 56334 166188 299952 192925 62595 1351936 3025606 1868831 17868335 
7170 56141 165554 299164 193825 63324 1346830 3031570 1868862 17900113 
7180 55900 164905 298563 194635 64026 1341841 3037571 1868921 17932102 
7190 55701 164266 297778 195499 64800 1336927 3043222 1868945 17964245 
7200 55455 163793 297052 196319 65513 1332360 3048996 1869173 17995984 
7210 55266 163187 296238 197167 66290 1327410 3054715 1869207 18028007 
7220 55076 162589 295425 197887 67184 1322313 3060603 1869231 18060075 
7230 54906 161970 294551 198793 67954 1317336 3066464 1869264 18092460 
7240 54736 161360 293660 199671 68756 1312356 3072236 1869294 18124719 
7250 54543 160764 292913 200444 69530 1307326 3078040 1869325 18156908 
7260 54398 160117 292017 201378 70297 1302214 3083904 1869355 18188925 
7270 54176 159603 291205 202215 71034 1297240 3089741 1869436 18220579 
7280 54003 159008 290532 203091 71697 1292549 3095729 1869665 18251927 
7290 53727 158411 290019 203881 72342 1287533 3101832 1869800 18283656 
7300 53472 157836 289450 204861 72866 1282845 3107931 1870018 18315154 
7310 53289 157188 288580 205793 73644 1277887 3113647 1870041 18347266 
7320 53093 156504 287895 206605 74407 1272817 3119534 1870076 18378822 
7330 52861 155877 287255 207408 75148 1267605 3125770 1870153 18411084 
7340 52613 155320 286656 208050 75948 1262722 3131738 1870225 18442456 
7350 52412 154679 285822 209006 76682 1257850 3137503 1870252 18473698 
7360 52215 154181 285183 209800 77339 1253549 3143076 1870472 18504742 
7370 51978 153558 284633 210573 78067 1249041 3148992 1870704 18535936 
7380 51813 152903 283926 211379 78801 1243973 3154872 1870734 18568080 
7390 51633 152350 283161 212283 79457 1239189 3160739 1870877 18599825 
7400 51421 151728 282384 213143 80224 1234147 3166628 1870901 18631694 
7410 51247 151021 281623 214097 80926 1229128 3172432 1870928 18663328 
7420 51044 150350 280838 215062 81632 1224030 3178342 1870961 18695019 
7430 50825 149681 280129 215919 82380 1219140 3184004 1870989 18726404 
7440 50618 149012 279338 216847 83128 1214120 3189881 1871021 18758523 
7450 50418 148376 278615 217616 83929 1208936 3195839 1871049 18789968 
7460 50223 147703 277835 218511 84691 1203846 3201734 1871079 18821567 
7470 50024 147045 277061 219320 85531 1199005 3207364 1871099 18853524 
7480 49809 146349 276353 220144 86338 1194088 3213091 1871136 18885453 
7490 49597 145724 275657 220926 87102 1188920 3219149 1871178 18917541 
7500 49404 145181 275009 221803 87724 1184313 3225021 1871410 18948942 
7510 49198 144545 274301 222577 88513 1179462 3230733 1871438 18980507 
7520 49012 143840 273508 223517 89269 1174551 3236501 1871462 19012537 
7530 48835 143166 272732 224457 89971 1169555 3242295 1871488 19044371 
7540 48641 142521 271961 225290 90762 1164434 3248280 1871520 19076163 
7550 48453 141868 271202 226108 91557 1159367 3254152 1871552 19107722 
7560 48251 141169 270446 227049 92285 1154291 3260055 1871575 19139203 
7570 48035 140499 269711 227868 93096 1149161 3266041 1871610 19170862 
7580 47838 139818 268921 228764 93878 1144069 3272003 1871641 19202476 
7590 47643 139147 268092 229731 94623 1138963 3277919 1871677 19234041 
7600 47484 138470 267263 230768 95266 1133855 3283863 1871700 19265585 
7610 47277 137856 266440 231728 95965 1128745 3289763 1871726 19297069 
7620 47084 137220 265715 232631 96633 1123266 3296016 1871753 19328447 
7630 46882 136585 264949 233568 97311 1118171 3301942 1871776 19359701 
7640 46680 135939 264119 234590 97977 1113091 3307844 1871805 19391240 
7650 46482 135349 263296 235600 98594 1108089 3313630 1871832 19422486 
7660 46267 134706 262520 236628 99216 1103113 3319397 1871858 19453547 
7670 46068 134040 261790 237587 99861 1098009 3325340 1871891 19485012 
7680 45856 133401 260947 238660 100493 1092940 3331260 1871917 19516210 
7690 45637 132783 260258 239677 101058 1087950 3337373 1872035 19547578 
7700 45405 132224 259485 240626 101735 1083107 3343428 1872199 19579113 
7710 45214 131584 258655 241524 102506 1077940 3349457 1872225 19610676 
7720 45005 130896 257798 242540 103253 1072757 3355522 1872258 19642600 
7730 44822 130210 257028 243486 103956 1067443 3361656 1872282 19674055 
7740 44634 129560 256127 244494 104701 1062450 3367424 1872318 19705946 
7750 44414 128890 255299 245476 105444 1057466 3373149 1872347 19738090 
7760 44226 128219 254497 246380 106208 1052472 3378955 1872375 19770265 
7770 44039 127587 253615 247370 106932 1047212 3385062 1872396 19802352 
7780 43846 126919 252758 248372 107654 1042046 3391021 1872424 19834534 
7790 43667 126275 251896 249334 108386 1037133 3396760 1872445 19866792 
7800 43431 125793 251134 250157 109100 1032218 3402780 1872596 19898090 
7810 43227 125189 250543 250948 109800 1027591 3408591 1872839 19929452 
7820 42937 124609 249910 251807 110471 1022560 3414666 1872915 19961501 
7830 42791 124180 249381 252432 111154 1018607 3420343 1873404 19992289 
7840 42592 123495 248669 253319 111902 1013653 3426242 1873486 20024197 
7850 42380 122831 247947 254100 112735 1008410 3432429 1873536 20055960 
7860 42133 122186 247348 254854 113516 1003717 3438122 1873625 20087999 
7870 41856 121634 246845 255658 114137 999229 3444060 1873872 20118658 
7880 41663 120957 246111 256589 114820 994083 3449969 1873899 20149457 
7890 41477 120332 245260 257586 115500 988805 3456138 1873940 20181248 
7900 41246 119739 244502 258560 116137 983866 3461986 1873983 20212341 
7910 41057 119032 243825 259311 116972 978933 3467755 1874019 20244258 
7920 40846 118291 243159 260275 117649 973968 3473690 1874076 20275881 
7930 40620 117652 242414 261237 118333 968920 3479667 1874174 20307483 
7940 40417 117016 241656 262085 119107 963904 3485490 1874224 20339308 
7950 40204 116398 240885 263002 119813 958686 3491571 1874276 20370830 
7960 40027 115836 240096 263724 120635 953768 3497261 1874305 20402481 
7970 39823 115259 239365 264637 121293 948786 3503342 1874410 20434429 
7980 39634 114611 238500 265555 122094 943631 3509343 1874437 20466033 
7990 39390 114081 237794 266262 122921 938796 3515219 1874556 20497819 
8000 39113 113577 237024 267130 123647 933952 3521172 1874699 20529667 
8010 38854 113001 236342 267908 124417 929137 3527025 1874782 20561057 
8020 38674 112429 235672 268672 125163 924474 3532928 1874986 20592482 
8030 38503 111802 235130 269472 125803 919707 3538964 1875234 20624050 
8040 38311 111220 234290 270363 126536 914634 3544831 1875264 20656050 
8050 38100 110559 233550 271232 127294 909617 3550654 1875295 20687981 
8060 37922 109941 232707 272058 128113 904365 3556786 1875335 20719954 
8070 37734 109243 232007 272894 128878 899320 3562657 1875367 20751670 
8080 37547 108599 231212 273773 129645 893925 3568949 1875395 20783288 
8090 37317 108006 230483 274545 130436 888885 3574764 1875428 20815503 
8100 37105 107344 229756 275350 131243 883928 3580563 1875453 20847439 
8110 36885 106706 228972 276222 132029 878555 3586782 1875483 20879226 
8120 36664 106089 228222 277058 132797 873377 3592768 1875502 20911437 
8130 36457 105467 227472 277789 133654 868281 3598661 1875535 20943359 
8140 36282 104869 226686 278565 134451 863133 3604637 1875562 20975266 
8150 36093 104356 225918 279353 135219 858542 3610499 1875774 21006853 
8160 35915 103716 225158 280168 136003 853566 3616387 1875822 21038884 
8170 35535 103290 224774 281001 136504 849264 3622720 1876228 21069505 
8180 35200 102841 224318 281840 137044 844666 3629019 1876594 21100527 
8190 34898 102276 223834 282642 137698 840072 3635088 1876848 21131366 
8200 34694 101688 223066 283423 138490 834854 3641145 1876878 21163156 
8210 34526 101020 222224 284342 139264 829805 3647065 1876902 21195302 
8220 34321 100379 221455 285234 139997 824861 3652823 1876939 21227161 
8230 34140 99739 220669 286103 140743 819833 3658620 1876966 21259415 
8240 33926 99110 219857 287031 141486 814693 3664622 1876999 21290946 
8250 33724 98477 219051 287925 142243 809575 3670480 1877021 21322802 
8260 33521 97855 218344 288671 143045 804634 3676167 1877053 21354928 
8270 33346 97196 217618 289474 143813 799500 3682160 1877078 21387137 
8280 33109 96645 216777 290376 144554 794177 3688339 1877105 21419186 
8290 32923 96092 215948 291115 145393 789172 3694089 1877137 21451248 
8300 32735 95460 215308 291706 146272 784055 3699988 1877159 21482932 
8310 32528 94821 214594 292504 147045 779050 3705787 1877191 21514814 
8320 32335 94147 213919 293199 147905 774324 3711285 1877213 21546959 
8330 32118 93520 213260 293964 148653 769114 3717327 1877242 21578528 
8340 31931 92891 212513 294653 149542 764369 3722841 1877270 21610283 
8350 31734 92269 211819 295349 150365 759120 3728981 1877299 21642485 
8360 31558 91623 211131 296105 151132 754222 3734676 1877327 21674263 
8370 31374 91050 210314 296846 151979 749029 3740700 1877350 21705885 
8380 31156 90429 209589 297725 152679 743710 3746839 1877389 21737675 
8390 30961 89806 208853 298415 153556 738699 3752602 1877414 21769458 
8400 30748 89137 208180 299182 154355 733727 3758404 1877444 21801123 
8410 30544 88480 207488 299952 155148 728659 3764284 1877469 21833160 
8420 30350 87769 206863 300693 155950 723684 3770038 1877492 21864734 
8430 30135 87070 206200 301439 156789 718585 3775926 1877517 21896611 
8440 29930 86436 205520 302233 157528 713632 3781757 1877546 21928215 
8450 29736 85767 204784 303007 158361 708652 3787553 1877580 21959718 
8460 29570 85067 204094 303776 159158 703464 3793569 1877613 21990960 
8470 29355 84407 203378 304581 159956 698137 3799767 1877643 22022666 
8480 29178 83739 202656 305380 160734 692939 3805687 1877671 22054777 
8490 29011 83089 201981 306026 161593 687635 3811840 1877700 22086638 
8500 28787 82528 201253 306744 162421 682784 3817666 1877778 22118457 
8510 28578 81932 200524 307517 163197 677873 3823374 1877813 22150275 
8520 28349 81353 199822 308328 163929 673176 3829128 1877925 22182052 
8530 28170 80818 199184 309138 164608 668580 3835171 1878201 22213322 
8540 28052 80813 199185 309243 164679 667810 3836561 1878321 22250506 
8550 28052 80813 199185 309243 164679 667810 3836561 1878321 22289103 
8560 28052 80813 199185 309243 164679 667810 3836561 1878321 22327747 
8570 28052 80813 199185 309243 164679 667810 3836561 1878321 22367528 
8580 28052 80813 199185 309243 164679 667810 3836561 1878321 22407034 
8590 28052 80813 199185 309243 164679 667810 3836561 1878321 22446780 
8600 28052 80813 199185 309243 164679 667810 3836561 1878321 22483138 
8610 28052 80813 199185 309243 164679 667810 3836561 1878321 22522080 
8620 28052 80813 199185 309243 164679 667810 3836561 1878321 22561462 
8630 28052 80813 199185 309243 164679 667810 3836561 1878321 22599826 
8640 28052 80813 199185 309243 164679 667810 3836561 1878321 22638070 
8650 28052 80813 199185 309243 164679 667810 3836561 1878321 22676484 
8660 28052 80813 199185 309243 164679 667810 3836561 1878321 22717712 
8670 28052 80813 199185 309243 164679 667810 3836561 1878321 22754290 
8680 28052 80813 199185 309243 164679 667810 3836561 1878321 22793118 
8690 28052 80813 199185 309243 164679 667810 3836561 1878321 22832115 
8700 28052 80813 199185 309243 164679 667810 3836561 1878321 22869554 
8710 28052 80813 199185 309243 164679 667810 3836561 1878321 22909159 
8720 28052 80813 199185 309243 164679 667810 3836561 1878321 22949613 
8730 28052 80813 199185 309243 164679 667810 3836561 1878321 22986725 
8740 28052 80813 199185 309243 164679 667810 3836561 1878321 23025362 
8750 28052 80813 199185 309243 164679 667810 3836561 1878321 23063527 
8760 28052 80813 199185 309243 164679 667810 3836561 1878321 23100603 
8770 28052 80813 199185 309243 164679 667810 3836561 1878321 23139345 
8780 28052 80813 199185 309243 164679 667810 3836561 1878321 23178462 
8790 28052 80813 199185 309243 164679 667810 3836561 1878321 23217610 
8800 28052 80813 199185 309243 164679 667810 3836561 1878321 23256914 
8810 28052 80813 199185 309243 164679 667810 3836561 1878321 23293454 
8820 28052 80813 199185 309243 164679 667810 3836561 1878321 23331835 
8830 28052 80813 199185 309243 164679 667810 3836561 1878321 23369414 
8840 28052 80813 199185 309243 164679 667810 3836561 1878321 23408589 
8850 28052 80813 199185 309243 164679 667810 3836561 1878321 23446725 
8860 28052 80813 199185 309243 164679 667810 3836561 1878321 23484756 
8870 28052 80813 199185 309243 164679 667810 3836561 1878321 23524127 
8880 28052 80813 199185 309243 164679 667810 3836561 1878321 23564286 
8890 28052 80813 199185 309243 164679 667810 3836561 1878321 23603431 
8900 28052 80813 199185 309243 164679 667810 3836561 1878321 23643367 
8910 28052 80813 199185 309243 164679 667810 3836561 1878321 23683552 
8920 28052 80813 199185 309243 164679 667810 3836561 1878321 23723194 
8930 28052 80813 199185 309243 164679 667810 3836561 1878321 23762130 
8940 28052 80813 199185 309243 164679 667810 3836561 1878321 23800643 
8950 28052 80813 199185 309243 164679 667810 3836561 1878321 23840452 
8960 28052 80813 199185 309243 164679 667810 3836561 1878321 23881474 
8970 28052 80813 199185 309243 164679 667810 3836561 1878321 23919824 
8980 28052 80813 199185 309243 164679 667810 3836561 1878321 23957374 
8990 28052 80813 199185 309243 164679 667810 3836561 1878321 23995923 
9000 28052 80813 199185 309243 164679 667810 3836561 1878321 24034721 
9010 28052 80813 199185 309243 164679 667810 3836561 1878321 24072957 
9020 28052 80813 199185 309243 164679 667810 3836561 1878321 24112062 
9030 28052 80813 199185 309243 164679 667810 3836561 1878321 24151435 
9040 28052 80813 199185 309243 164679 667810 3836561 1878321 24190265 
9050 28052 80813 199185 309243 164679 667810 3836561 1878321 24229596 
9060 28052 80813 199185 309243 164679 667810 3836561 1878321 24268263 
9070 28052 80813 199185 309243 164679 667810 3836561 1878321 24306055 
9080 28052 80813 199185 309243 164679 667810 3836561 1878321 24346173 
9090 28052 80813 199185 309243 164679 667810 3836561 1878321 24385727 
9100 28052 80813 199185 309243 164679 667810 3836561 1878321 24424524 
9110 28052 80813 199185 309243 164679 667810 3836561 1878321 24463726 
9120 28052 80813 199185 309243 164679 667810 3836561 1878321 24505111 
9130 28052 80813 199185 309243 164679 667810 3836561 1878321 24544296 
9140 28052 80813 199185 309243 164679 667810 3836561 1878321 24581921 
9150 28052 80813 199185 309243 164679 667810 3836561 1878321 24620097 
9160 28052 80813 199185 309243 164679 667810 3836561 1878321 24659402 
9170 28052 80813 199185 309243 164679 667810 3836561 1878321 24697187 
9180 28052 80813 199185 309243 164679 667810 3836561 1878321 24735698 
9190 28052 80813 199185 309243 164679 667810 3836561 1878321 24774054 
9200 28052 80813 199185 309243 164679 667810 3836561 1878321 24813411 
9210 28052 80813 199185 309243 164679 667810 3836561 1878321 24853427 
9220 28052 80813 199185 309243 164679 667810 3836561 1878321 24894390 
9230 28052 80813 199185 309243 164679 667810 3836561 1878321 24931146 
9240 28052 80813 199185 309243 164679 667810 3836561 1878321 24970020 
9250 28052 80813 199185 309243 164679 667810 3836561 1878321 25008094 
9260 28052 80813 199185 309243 164679 667810 3836561 1878321 25046042 
9270 28052 80813 199185 309243 164679 667810 3836561 1878321 25084194 
9280 28052 80813 199185 309243 164679 667810 3836561 1878321 25121728 
9290 28052 80813 199185 309243 164679 667810 3836561 1878321 25159360 
9300 28052 80813 199185 309243 164679 667810 3836561 1878321 25196674 
9310 28052 80813 199185 309243 164679 667810 3836561 1878321 25234857 
9320 28052 80813 199185 309243 164679 667810 3836561 1878321 25274907 
9330 28052 80813 199185 309243 164679 667810 3836561 1878321 25312986 
9340 28052 80813 199185 309243 164679 667810 3836561 1878321 25352317 
9350 28052 80813 199185 309243 164679 667810 3836561 1878321 25390876 
9360 28052 80813 199185 309243 164679 667810 3836561 1878321 25429630 
9370 28052 80813 199185 309243 164679 667810 3836561 1878321 25468838 
9380 28052 80813 199185 309243 164679 667810 3836561 1878321 25507747 
9390 28052 80813 199185 309243 164679 667810 3836561 1878321 25545868 
9400 28052 80813 199185 309243 164679 667810 3836561 1878321 25584710 
9410 28052 80813 199185 309243 164679 667810 3836561 1878321 25622821 
9420 28052 80813 199185 309243 164679 667810 3836561 1878321 25662059 
9430 28052 80813 199185 309243 164679 667810 3836561 1878321 25703812 
9440 28052 80813 199185 309243 164679 667810 3836561 1878321 25743575 
9450 28052 80813 199185 309243 164679 667810 3836561 1878321 25781921 
9460 28052 80813 199185 309243 164679 667810 3836561 1878321 25820163 
9470 28052 80813 199185 309243 164679 667810 3836561 1878321 25861356 
9480 28052 80813 199185 309243 164679 667810 3836561 1878321 25899564 
9490 28052 80813 199185 309243 164679 667810 3836561 1878321 25936697 
9500 28052 80813 199185 309243 164679 667810 3836561 1878321 25974894 
9510 28052 80813 199185 309243 164679 667810 3836561 1878321 26014305 
9520 28052 80813 199185 309243 164679 667810 3836561 1878321 26053611 
9530 28052 80813 199185 309243 164679 667810 3836561 1878321 26092457 
9540 28052 80813 199185 309243 164679 667810 3836561 1878321 26130240 
9550 28052 80813 199185 309243 164679 667810 3836561 1878321 26168326 
9560 28052 80813 199185 309243 164679 667810 3836561 1878321 26206312 
9570 28052 80813 199185 309243 164679 667810 3836561 1878321 26244119 
9580 28052 80813 199185 309243 164679 667810 3836561 1878321 26282406 
9590 28052 80813 199185 309243 164679 667810 3836561 1878321 26321366 
9600 28052 80813 199185 309243 164679 667810 3836561 1878321 26358884 
9610 28052 80813 199185 309243 164679 667810 3836561 1878321 26396650 
9620 28052 80813 199185 309243 164679 667810 3836561 1878321 26435951 
9630 28052 80813 199185 309243 164679 667810 3836561 1878321 26475383 
9640 28052 80813 199185 309243 164679 667810 3836561 1878321 26514571 
9650 28052 80813 199185 309243 164679 667810 3836561 1878321 26552009 
9660 28052 80813 199185 309243 164679 667810 3836561 1878321 26590710 
9670 28052 80813 199185 309243 164679 667810 3836561 1878321 26627982 
9680 28052 80813 199185 309243 164679 667810 3836561 1878321 26666262 
9690 28052 80813 199185 309243 164679 667810 3836561 1878321 26704631 
9700 28052 80813 199185 309243 164679 667810 3836561 1878321 26741955 
9710 28052 80813 199185 309243 164679 667810 3836561 1878321 26780295 
9720 28052 80813 199185 309243 164679 667810 3836561 1878321 26818281 
9730 28052 80813 199185 309243 164679 667810 3836561 1878321 26856496 
9740 28052 80813 199185 309243 164679 667810 3836561 1878321 26894040 
9750 28052 80813 199185 309243 164679 667810 3836561 1878321 26931297 
9760 28052 80813 199185 309243 164679 667810 3836561 1878321 26968668 
9770 28052 80813 199185 309243 164679 667810 3836561 1878321 27006189 
9780 28052 80813 199185 309243 164679 667810 3836561 1878321 27042886 
9790 28052 80813 199185 309243 164679 667810 3836561 1878321 27079693 
9800 28052 80813 199185 309243 164679 667810 3836561 1878321 27116202 
9810 28052 80813 199185 309243 164679 667810 3836561 1878321 27153589 
9820 28052 80813 199185 309243 164679 667810 3836561 1878321 27190973 
9830 28052 80813 199185 309243 164679 667810 3836561 1878321 27230865 
9840 28052 80813 199185 309243 164679 667810 3836561 1878321 27269264 
9850 28052 80813 199185 309243 164679 667810 3836561 1878321 27308012 
9860 28052 80813 199185 309243 164679 667810 3836561 1878321 27346647 
9870 28052 80813 199185 309243 164679 667810 3836561 1878321 27385009 
9880 28052 80813 199185 309243 164679 667810 3836561 1878321 27422983 
9890 28052 80813 199185 309243 164679 667810 3836561 1878321 27462194 
9900 28052 80813 199185 309243 164679 667810 3836561 1878321 27501486 
9910 28052 80813 199185 309243 164679 667810 3836561 1878321 27540561 
9920 28052 80813 199185 309243 164679 667810 3836561 1878321 27579788 
9930 28052 80813 199185 309243 164679 667810 3836561 1878321 27617845 
9940 28052 80813 199185 309243 164679 667810 3836561 1878321 27656207 
9950 28052 80813 199185 309243 164679 667810 3836561 1878321 27695147 
9960 28052 80813 199185 309243 164679 667810 3836561 1878321 27735405 
9970 28052 80813 199185 309243 164679 667810 3836561 1878321 27773436 
9980 28052 80813 199185 309243 164679 667810 3836561 1878321 27812497 
9990 28052 80813 199185 309243 164679 667810 3836561 1878321 27851473 
10000 28052 80813 199185 309243 164679 667810 3836561 1878321 27892045 
10010 28052 80813 199185 309243 164679 667810 3836561 1878321 27929013 
10020 28052 80813 199185 309243 164679 667810 3836561 1878321 27966878 
10030 28052 80813 199185 309243 164679 667810 3836561 1878321 28004962 
10040 28052 80813 199185 309243 164679 667810 3836561 1878321 28042850 
10050 28052 80813 199185 309243 164679 667810 3836561 1878321 28080767 
10060 28052 80813 199185 309243 164679 667810 3836561 1878321 28119680 
10070 28052 80813 199185 309243 164679 667810 3836561 1878321 28158816 
10080 28052 80813 199185 309243 164679 667810 3836561 1878321 28197239 
10090 28052 80813 199185 309243 164679 667810 3836561 1878321 28235271 
10100 28052 80813 199185 309243 164679 667810 3836561 1878321 28272430 
10110 28052 80813 199185 309243 164679 667810 3836561 1878321 28312588 
10120 28052 80813 199185 309243 164679 667810 3836561 1878321 28351078 
10130 28052 80813 199185 309243 164679 667810 3836561 1878321 28389366 
10140 28052 80813 199185 309243 164679 667810 3836561 1878321 28427942 
10150 28052 80813 199185 309243 164679 667810 3836561 1878321 28465931 
10160 28052 80813 199185 309243 164679 667810 3836561 1878321 28505661 
10170 28052 80813 199185 309243 164679 667810 3836561 1878321 28544757 
10180 28052 80813 199185 309243 164679 667810 3836561 1878321 28583536 
10190 28052 80813 199185 309243 164679 667810 3836561 1878321 28622278 
10200 28052 80813 199185 309243 164679 667810 3836561 1878321 28660572 
10210 28052 80813 199185 309243 164679 667810 3836561 1878321 28698755 
10220 28052 80813 199185 309243 164679 667810 3836561 1878321 28736729 
10230 28052 80813 199185 309243 164679 667810 3836561 1878321 28776327 
10240 28052 80813 199185 309243 164679 667810 3836561 1878321 28815612 
10250 28052 80813 199185 309243 164679 667810 3836561 1878321 28854708 
10260 28052 80813 199185 309243 164679 667810 3836561 1878321 28893754 
10270 28052 80813 199185 309243 164679 667810 3836561 1878321 28931763 
10280 28052 80813 199185 309243 164679 667810 3836561 1878321 28970551 
10290 28052 80813 199185 309243 164679 667810 3836561 1878321 29009337 
10300 28052 80813 199185 309243 164679 667810 3836561 1878321 29049152 
10310 28052 80813 199185 309243 164679 667810 3836561 1878321 29090853 
10320 28052 80813 199185 309243 164679 667810 3836561 1878321 29130977 
10330 28052 80813 199185 309243 164679 667810 3836561 1878321 29170880 
10340 28052 80813 199185 309243 164679 667810 3836561 1878321 29208439 
10350 28052 80813 199185 309243 164679 667810 3836561 1878321 29247125 
10360 28052 80813 199185 309243 164679 667810 3836561 1878321 29285690 
10370 28052 80813 199185 309243 164679 667810 3836561 1878321 29323952 
10380 28052 80813 199185 309243 164679 667810 3836561 1878321 29361829 
10390 28052 80813 199185 309243 164679 667810 3836561 1878321 29399611 
10400 28052 80813 199185 309243 164679 667810 3836561 1878321 29438523 
10410 28052 80813 199185 309243 164679 667810 3836561 1878321 29478153 
10420 28052 80813 199185 309243 164679 667810 3836561 1878321 29516597 
10430 28052 80813 199185 309243 164679 667810 3836561 1878321 29554599 
10440 28052 80813 199185 309243 164679 667810 3836561 1878321 29592712 
10450 28052 80813 199185 309243 164679 667810 3836561 1878321 29630727 
10460 28052 80813 199185 309243 164679 667810 3836561 1878321 29668416 
10470 28052 80813 199185 309243 164679 667810 3836561 1878321 29706465 
10480 28052 80813 199185 309243 164679 667810 3836561 1878321 29744796 
10490 28052 80813 199185 309243 164679 667810 3836561 1878321 29783028 
10500 28052 80813 199185 309243 164679 667810 3836561 1878321 29821154 
10510 28052 80813 199185 309243 164679 667810 3836561 1878321 29859348 
10520 28052 80813 199185 309243 164679 667810 3836561 1878321 29897721 
10530 28052 80813 199185 309243 164679 667810 3836561 1878321 29935417 
10540 28052 80813 199185 309243 164679 667810 3836561 1878321 29973353 
10550 28052 80813 199185 309243 164679 667810 3836561 1878321 30011553 
10560 28052 80813 199185 309243 164679 667810 3836561 1878321 30049844 
10570 28052 80813 199185 309243 164679 667810 3836561 1878321 30086677 
10580 28052 80813 199185 309243 164679 667810 3836561 1878321 30124803 
10590 28052 80813 199185 309243 164679 667810 3836561 1878321 30162210 
10600 28052 80813 199185 309243 164679 667810 3836561 1878321 30201260 
10610 28052 80813 199185 309243 164679 667810 3836561 1878321 30239721 
10620 28052 80813 199185 309243 164679 667810 3836561 1878321 30278426 
10630 28052 80813 199185 309243 164679 667810 3836561 1878321 30317662 
10640 28052 80813 199185 309243 164679 667810 3836561 1878321 30355672 
10650 28052 80813 199185 309243 164679 667810 3836561 1878321 30394048 
10660 28052 80813 199185 309243 164679 667810 3836561 1878321 30433980 
