x 0 
0.000000 0.000000 
0.010000 4.000000 
0.020000 5.000000 
0.030000 3.000000 
0.040000 4.000000 
0.050000 10.000000 
0.060000 12.000000 
0.070000 16.000000 
0.080000 17.000000 
0.090000 24.000000 
0.100000 28.000000 
0.110000 26.000000 
0.120000 30.000000 
0.130000 33.000000 
0.140000 31.000000 
0.150000 43.000000 
0.160000 38.000000 
0.170000 29.000000 
0.180000 38.000000 
0.190000 29.000000 
0.200000 46.000000 
0.210000 45.000000 
0.220000 47.000000 
0.230000 38.000000 
0.240000 59.000000 
0.250000 51.000000 
0.260000 48.000000 
0.270000 55.000000 
0.280000 52.000000 
0.290000 56.000000 
0.300000 66.000000 
0.310000 67.000000 
0.320000 66.000000 
0.330000 70.000000 
0.340000 74.000000 
0.350000 64.000000 
0.360000 72.000000 
0.370000 64.000000 
0.380000 72.000000 
0.390000 79.000000 
0.400000 82.000000 
0.410000 91.000000 
0.420000 82.000000 
0.430000 91.000000 
0.440000 102.000000 
0.450000 114.000000 
0.460000 97.000000 
0.470000 87.000000 
0.480000 99.000000 
0.490000 110.000000 
0.500000 97.000000 
0.510000 89.000000 
0.520000 121.000000 
0.530000 102.000000 
0.540000 96.000000 
0.550000 116.000000 
0.560000 125.000000 
0.570000 114.000000 
0.580000 116.000000 
0.590000 136.000000 
0.600000 142.000000 
0.610000 122.000000 
0.620000 133.000000 
0.630000 110.000000 
0.640000 142.000000 
0.650000 133.000000 
0.660000 138.000000 
0.670000 139.000000 
0.680000 156.000000 
0.690000 146.000000 
0.700000 176.000000 
0.710000 142.000000 
0.720000 139.000000 
0.730000 158.000000 
0.740000 172.000000 
0.750000 192.000000 
0.760000 153.000000 
0.770000 185.000000 
0.780000 174.000000 
0.790000 145.000000 
0.800000 183.000000 
0.810000 171.000000 
0.820000 173.000000 
0.830000 181.000000 
0.840000 178.000000 
0.850000 176.000000 
0.860000 181.000000 
0.870000 185.000000 
0.880000 168.000000 
0.890000 183.000000 
0.900000 177.000000 
0.910000 223.000000 
0.920000 189.000000 
0.930000 203.000000 
0.940000 190.000000 
0.950000 185.000000 
0.960000 191.000000 
0.970000 207.000000 
0.980000 204.000000 
0.990000 168.000000 
1.000000 215.000000 
1.010000 234.000000 
1.020000 194.000000 
1.030000 214.000000 
1.040000 202.000000 
1.050000 201.000000 
1.060000 224.000000 
1.070000 231.000000 
1.080000 233.000000 
1.090000 234.000000 
1.100000 230.000000 
1.110000 237.000000 
1.120000 219.000000 
1.130000 243.000000 
1.140000 228.000000 
1.150000 247.000000 
1.160000 228.000000 
1.170000 242.000000 
1.180000 243.000000 
1.190000 218.000000 
1.200000 234.000000 
1.210000 247.000000 
1.220000 247.000000 
1.230000 273.000000 
1.240000 251.000000 
1.250000 257.000000 
1.260000 285.000000 
1.270000 278.000000 
1.280000 280.000000 
1.290000 277.000000 
1.300000 290.000000 
1.310000 263.000000 
1.320000 275.000000 
1.330000 284.000000 
1.340000 256.000000 
1.350000 276.000000 
1.360000 285.000000 
1.370000 287.000000 
1.380000 312.000000 
1.390000 307.000000 
1.400000 272.000000 
1.410000 285.000000 
1.420000 289.000000 
1.430000 303.000000 
1.440000 364.000000 
1.450000 320.000000 
1.460000 325.000000 
1.470000 294.000000 
1.480000 316.000000 
1.490000 304.000000 
1.500000 312.000000 
1.510000 296.000000 
1.520000 365.000000 
1.530000 307.000000 
1.540000 311.000000 
1.550000 360.000000 
1.560000 317.000000 
1.570000 362.000000 
1.580000 331.000000 
1.590000 333.000000 
1.600000 346.000000 
1.610000 350.000000 
1.620000 343.000000 
1.630000 337.000000 
1.640000 347.000000 
1.650000 372.000000 
1.660000 380.000000 
1.670000 328.000000 
1.680000 384.000000 
1.690000 373.000000 
1.700000 364.000000 
1.710000 366.000000 
1.720000 374.000000 
1.730000 344.000000 
1.740000 379.000000 
1.750000 356.000000 
1.760000 400.000000 
1.770000 371.000000 
1.780000 363.000000 
1.790000 366.000000 
1.800000 391.000000 
1.810000 342.000000 
1.820000 400.000000 
1.830000 379.000000 
1.840000 373.000000 
1.850000 374.000000 
1.860000 428.000000 
1.870000 400.000000 
1.880000 404.000000 
1.890000 412.000000 
1.900000 402.000000 
1.910000 387.000000 
1.920000 456.000000 
1.930000 431.000000 
1.940000 450.000000 
1.950000 395.000000 
1.960000 415.000000 
1.970000 429.000000 
1.980000 428.000000 
1.990000 461.000000 
2.000000 412.000000 
2.010000 441.000000 
2.020000 446.000000 
2.030000 455.000000 
2.040000 437.000000 
2.050000 458.000000 
2.060000 457.000000 
2.070000 489.000000 
2.080000 464.000000 
2.090000 452.000000 
2.100000 466.000000 
2.110000 455.000000 
2.120000 469.000000 
2.130000 451.000000 
2.140000 451.000000 
2.150000 463.000000 
2.160000 453.000000 
2.170000 453.000000 
2.180000 463.000000 
2.190000 467.000000 
2.200000 461.000000 
2.210000 485.000000 
2.220000 504.000000 
2.230000 488.000000 
2.240000 495.000000 
2.250000 485.000000 
2.260000 509.000000 
2.270000 548.000000 
2.280000 529.000000 
2.290000 528.000000 
2.300000 502.000000 
2.310000 547.000000 
2.320000 494.000000 
2.330000 161.000000 
2.340000 144.000000 
2.350000 161.000000 
2.360000 141.000000 
2.370000 129.000000 
2.380000 157.000000 
2.390000 149.000000 
2.400000 150.000000 
2.410000 140.000000 
2.420000 154.000000 
2.430000 152.000000 
2.440000 152.000000 
2.450000 145.000000 
2.460000 137.000000 
2.470000 166.000000 
2.480000 152.000000 
2.490000 166.000000 
2.500000 168.000000 
2.510000 144.000000 
2.520000 165.000000 
2.530000 147.000000 
2.540000 153.000000 
2.550000 155.000000 
2.560000 160.000000 
2.570000 163.000000 
2.580000 156.000000 
2.590000 133.000000 
2.600000 159.000000 
2.610000 137.000000 
2.620000 127.000000 
2.630000 134.000000 
2.640000 154.000000 
2.650000 161.000000 
2.660000 175.000000 
2.670000 166.000000 
2.680000 164.000000 
2.690000 165.000000 
2.700000 167.000000 
2.710000 143.000000 
2.720000 166.000000 
2.730000 168.000000 
2.740000 202.000000 
2.750000 144.000000 
2.760000 166.000000 
2.770000 156.000000 
2.780000 174.000000 
2.790000 136.000000 
2.800000 157.000000 
2.810000 175.000000 
2.820000 165.000000 
2.830000 162.000000 
2.840000 190.000000 
2.850000 172.000000 
2.860000 155.000000 
2.870000 176.000000 
2.880000 185.000000 
2.890000 183.000000 
2.900000 161.000000 
2.910000 168.000000 
2.920000 174.000000 
2.930000 179.000000 
2.940000 184.000000 
2.950000 181.000000 
2.960000 151.000000 
2.970000 191.000000 
2.980000 172.000000 
2.990000 166.000000 
3.000000 185.000000 
3.010000 186.000000 
3.020000 178.000000 
3.030000 187.000000 
3.040000 179.000000 
3.050000 191.000000 
3.060000 184.000000 
3.070000 217.000000 
3.080000 203.000000 
3.090000 176.000000 
3.100000 203.000000 
3.110000 182.000000 
3.120000 203.000000 
3.130000 196.000000 
3.140000 187.000000 
3.150000 197.000000 
3.160000 160.000000 
3.170000 196.000000 
3.180000 204.000000 
3.190000 163.000000 
3.200000 186.000000 
3.210000 201.000000 
3.220000 189.000000 
3.230000 179.000000 
3.240000 179.000000 
3.250000 194.000000 
3.260000 203.000000 
3.270000 204.000000 
3.280000 209.000000 
3.290000 193.000000 
3.300000 198.000000 
3.310000 189.000000 
3.320000 206.000000 
3.330000 185.000000 
3.340000 193.000000 
3.350000 194.000000 
3.360000 206.000000 
3.370000 193.000000 
3.380000 207.000000 
3.390000 178.000000 
3.400000 187.000000 
3.410000 204.000000 
3.420000 191.000000 
3.430000 201.000000 
3.440000 195.000000 
3.450000 187.000000 
3.460000 193.000000 
3.470000 227.000000 
3.480000 206.000000 
3.490000 224.000000 
3.500000 212.000000 
3.510000 201.000000 
3.520000 201.000000 
3.530000 192.000000 
3.540000 210.000000 
3.550000 180.000000 
3.560000 195.000000 
3.570000 193.000000 
3.580000 194.000000 
3.590000 226.000000 
3.600000 181.000000 
3.610000 203.000000 
3.620000 232.000000 
3.630000 237.000000 
3.640000 217.000000 
3.650000 201.000000 
3.660000 225.000000 
3.670000 206.000000 
3.680000 189.000000 
3.690000 188.000000 
3.700000 215.000000 
3.710000 201.000000 
3.720000 217.000000 
3.730000 219.000000 
3.740000 215.000000 
3.750000 207.000000 
3.760000 220.000000 
3.770000 208.000000 
3.780000 221.000000 
3.790000 207.000000 
3.800000 203.000000 
3.810000 225.000000 
3.820000 206.000000 
3.830000 217.000000 
3.840000 191.000000 
3.850000 215.000000 
3.860000 207.000000 
3.870000 215.000000 
3.880000 214.000000 
3.890000 217.000000 
3.900000 209.000000 
3.910000 213.000000 
3.920000 224.000000 
3.930000 209.000000 
3.940000 187.000000 
3.950000 218.000000 
3.960000 211.000000 
3.970000 219.000000 
3.980000 221.000000 
3.990000 203.000000 
4.000000 219.000000 
4.010000 218.000000 
4.020000 199.000000 
4.030000 197.000000 
4.040000 212.000000 
4.050000 222.000000 
4.060000 218.000000 
4.070000 215.000000 
4.080000 202.000000 
4.090000 196.000000 
4.100000 194.000000 
4.110000 206.000000 
4.120000 192.000000 
4.130000 223.000000 
4.140000 227.000000 
4.150000 205.000000 
4.160000 225.000000 
4.170000 238.000000 
4.180000 229.000000 
4.190000 216.000000 
4.200000 234.000000 
4.210000 243.000000 
4.220000 224.000000 
4.230000 220.000000 
4.240000 220.000000 
4.250000 205.000000 
4.260000 207.000000 
4.270000 205.000000 
4.280000 227.000000 
4.290000 215.000000 
4.300000 206.000000 
4.310000 220.000000 
4.320000 232.000000 
4.330000 218.000000 
4.340000 239.000000 
4.350000 240.000000 
4.360000 210.000000 
4.370000 205.000000 
4.380000 215.000000 
4.390000 217.000000 
4.400000 209.000000 
4.410000 237.000000 
4.420000 218.000000 
4.430000 208.000000 
4.440000 267.000000 
4.450000 203.000000 
4.460000 201.000000 
4.470000 212.000000 
4.480000 217.000000 
4.490000 205.000000 
4.500000 234.000000 
4.510000 219.000000 
4.520000 230.000000 
4.530000 205.000000 
4.540000 229.000000 
4.550000 220.000000 
4.560000 229.000000 
4.570000 214.000000 
4.580000 217.000000 
4.590000 217.000000 
4.600000 222.000000 
4.610000 204.000000 
4.620000 221.000000 
4.630000 197.000000 
4.640000 220.000000 
4.650000 200.000000 
4.660000 193.000000 
4.670000 205.000000 
4.680000 183.000000 
4.690000 232.000000 
4.700000 238.000000 
4.710000 199.000000 
4.720000 218.000000 
4.730000 182.000000 
4.740000 221.000000 
4.750000 195.000000 
4.760000 188.000000 
4.770000 171.000000 
4.780000 201.000000 
4.790000 220.000000 
4.800000 194.000000 
4.810000 200.000000 
4.820000 194.000000 
4.830000 205.000000 
4.840000 182.000000 
4.850000 218.000000 
4.860000 194.000000 
4.870000 192.000000 
4.880000 196.000000 
4.890000 192.000000 
4.900000 184.000000 
4.910000 212.000000 
4.920000 199.000000 
4.930000 193.000000 
4.940000 190.000000 
4.950000 199.000000 
4.960000 189.000000 
4.970000 183.000000 
4.980000 166.000000 
4.990000 179.000000 
5.000000 184.000000 
5.010000 158.000000 
5.020000 176.000000 
5.030000 174.000000 
5.040000 143.000000 
5.050000 168.000000 
5.060000 137.000000 
5.070000 154.000000 
5.080000 138.000000 
5.090000 149.000000 
5.100000 157.000000 
5.110000 134.000000 
5.120000 159.000000 
5.130000 155.000000 
5.140000 123.000000 
5.150000 132.000000 
5.160000 148.000000 
5.170000 126.000000 
5.180000 108.000000 
5.190000 112.000000 
5.200000 118.000000 
5.210000 133.000000 
5.220000 105.000000 
5.230000 95.000000 
5.240000 94.000000 
5.250000 82.000000 
5.260000 80.000000 
5.270000 61.000000 
5.280000 67.000000 
5.290000 68.000000 
5.300000 54.000000 
5.310000 44.000000 
5.320000 19.000000 
